13 May 146.00 (SPY1318E146),17.65,0.0,19.57,19.69,0,1694,13 May 146.00 (SPY1318Q146),0.01,0.0,0.0,0.01,24,108227,
13 May 146.00 (SPY71318E146),0.0,0.0,17.49,21.16,0,0,13 May 146.00 (SPY71318Q146),0.51,0.0,0.0,0.02,0,1216,
13 May 146.00 (SPYJ1318E146),0.0,0.0,17.35,21.95,0,0,13 May 146.00 (SPYJ1318Q146),0.0,0.0,0.0,4.09,0,0,
13 May 147.00 (SPY1318E147),18.24,0.0,18.57,18.69,0,4163,13 May 147.00 (SPY1318Q147),0.01,0.0,0.0,0.01,40,110568,
13 May 147.00 (SPY71318E147),0.0,0.0,16.49,20.16,0,0,13 May 147.00 (SPY71318Q147),0.03,0.0,0.0,0.02,0,1175,
13 May 147.00 (SPYJ1318E147),0.0,0.0,16.35,20.83,0,0,13 May 147.00 (SPYJ1318Q147),0.0,0.0,0.0,4.09,0,0,
13 May 148.00 (SPY1318E148),17.23,+0.32,17.57,17.69,50,6504,13 May 148.00 (SPY1318Q148),0.01,0.0,0.0,0.01,15,193017,
13 May 148.00 (SPY71318E148),15.22,0.0,15.49,19.16,0,151,13 May 148.00 (SPY71318Q148),0.03,0.0,0.0,0.02,0,2090,
13 May 148.00 (SPYJ1318E148),0.0,0.0,15.34,19.83,0,0,13 May 148.00 (SPYJ1318Q148),0.0,0.0,0.0,4.10,0,0,
13 May 149.00 (SPY1318E149),16.17,+0.16,16.57,16.69,30,47785,13 May 149.00 (SPY1318Q149),0.01,0.0,0.0,0.01,312,207221,
13 May 149.00 (SPY71318E149),7.05,0.0,14.49,18.17,0,23,13 May 149.00 (SPY71318Q149),0.05,0.0,0.0,0.02,0,958,
13 May 149.00 (SPYJ1318E149),0.0,0.0,14.34,18.94,0,0,13 May 149.00 (SPYJ1318Q149),0.0,0.0,0.0,4.10,0,0,
13 May 150.00 (SPY1318E150),15.62,+0.42,15.57,15.69,94,103132,13 May 150.00 (SPY1318Q150),0.01,0.0,0.0,0.01,601,368102,
13 May 150.00 (SPY71318E150),11.56,0.0,13.49,17.17,0,75,13 May 150.00 (SPY71318Q150),0.03,0.0,0.0,0.02,0,690,
13 May 150.00 (SPYJ1318E150),0.0,0.0,13.34,17.94,0,0,13 May 150.00 (SPYJ1318Q150),0.0,0.0,0.0,4.10,0,0,
13 May 150.50 (SPY1318E150.5),0.0,0.0,15.07,15.20,0,0,13 May 150.50 (SPY1318Q150.5),0.01,0.0,0.0,0.01,63,244,
13 May 150.50 (SPY71318E150.5),0.0,0.0,12.99,16.64,0,0,13 May 150.50 (SPY71318Q150.5),0.0,0.0,0.0,0.02,0,0,
13 May 150.50 (SPYJ1318E150.5),0.0,0.0,12.84,17.44,0,0,13 May 150.50 (SPYJ1318Q150.5),0.0,0.0,0.0,4.10,0,0,
13 May 151.00 (SPY1318E151),14.23,0.0,14.57,14.70,0,19380,13 May 151.00 (SPY1318Q151),0.01,-0.01,0.0,0.01,61,118386,
13 May 151.00 (SPY71318E151),7.04,0.0,12.50,16.17,0,251,13 May 151.00 (SPY71318Q151),0.02,0.0,0.0,0.02,0,422,
13 May 151.00 (SPYJ1318E151),0.0,0.0,12.36,16.96,0,0,13 May 151.00 (SPYJ1318Q151),0.0,0.0,0.0,4.10,0,0,
13 May 151.50 (SPY1318E151.5),0.0,0.0,14.07,14.20,0,0,13 May 151.50 (SPY1318Q151.5),0.01,0.0,0.0,0.01,905,691,
13 May 151.50 (SPY71318E151.5),0.0,0.0,12.00,15.67,0,0,13 May 151.50 (SPY71318Q151.5),0.0,0.0,0.0,0.02,0,0,
13 May 151.50 (SPYJ1318E151.5),0.0,0.0,11.86,16.46,0,0,13 May 151.50 (SPYJ1318Q151.5),0.0,0.0,0.0,4.10,0,0,
13 May 152.00 (SPY1318E152),13.60,+0.57,13.58,13.69,46,18240,13 May 152.00 (SPY1318Q152),0.02,+0.01,0.01,0.02,622,145804,
13 May 152.00 (SPY71318E152),6.65,0.0,11.50,15.17,0,957,13 May 152.00 (SPY71318Q152),0.10,0.0,0.0,0.02,0,1154,
13 May 152.00 (SPYJ1318E152),0.0,0.0,11.36,15.84,0,0,13 May 152.00 (SPYJ1318Q152),0.0,0.0,0.0,4.10,0,0,
13 May 152.50 (SPY1318E152.5),10.69,0.0,13.08,13.20,0,10,13 May 152.50 (SPY1318Q152.5),0.01,-0.01,0.01,0.02,17,937,
13 May 152.50 (SPY71318E152.5),0.0,0.0,11.00,14.67,0,0,13 May 152.50 (SPY71318Q152.5),0.0,0.0,0.0,0.02,0,0,
13 May 152.50 (SPYJ1318E152.5),0.0,0.0,10.86,15.34,0,0,13 May 152.50 (SPYJ1318Q152.5),0.0,0.0,0.0,4.10,0,0,
13 May 153.00 (SPY1318E153),12.57,+0.29,12.58,12.70,56,21316,13 May 153.00 (SPY1318Q153),0.02,0.0,0.01,0.02,27,219096,
13 May 153.00 (SPY71318E153),6.10,0.0,10.50,14.17,0,2544,13 May 153.00 (SPY71318Q153),0.05,0.0,0.0,0.02,0,3904,
13 May 153.00 (SPYJ1318E153),0.0,0.0,10.36,14.85,0,0,13 May 153.00 (SPYJ1318Q153),0.0,0.0,0.0,4.10,0,0,
13 May 153.50 (SPY1318E153.5),9.81,0.0,12.09,12.20,0,12,13 May 153.50 (SPY1318Q153.5),0.02,0.0,0.01,0.02,0,38,
13 May 153.50 (SPY71318E153.5),0.0,0.0,9.96,13.66,0,0,13 May 153.50 (SPY71318Q153.5),0.0,0.0,0.0,0.02,0,0,
13 May 153.50 (SPYJ1318E153.5),0.0,0.0,9.86,14.35,0,0,13 May 153.50 (SPYJ1318Q153.5),0.0,0.0,0.0,4.10,0,0,
13 May 154.00 (SPY1318E154),11.58,+0.56,11.62,11.70,30,39157,13 May 154.00 (SPY1318Q154),0.02,0.0,0.01,0.02,186,221013,
13 May 154.00 (SPY71318E154),10.90,0.0,9.46,13.22,0,2079,13 May 154.00 (SPY71318Q154),0.10,0.0,0.0,0.02,0,5875,
13 May 154.00 (SPYJ1318E154),0.0,0.0,9.36,13.85,0,0,13 May 154.00 (SPYJ1318Q154),0.0,0.0,0.0,4.10,0,0,
13 May 154.50 (SPY1318E154.5),10.40,0.0,11.09,11.20,0,0,13 May 154.50 (SPY1318Q154.5),0.02,+0.01,0.01,0.02,5,2021,
13 May 154.50 (SPY71318E154.5),0.0,0.0,8.96,12.60,0,0,13 May 154.50 (SPY71318Q154.5),0.0,0.0,0.0,0.03,0,0,
13 May 154.50 (SPYJ1318E154.5),0.0,0.0,8.87,13.47,0,0,13 May 154.50 (SPYJ1318Q154.5),0.0,0.0,0.0,4.10,0,0,
13 May 155.00 (SPY1318E155),10.56,+0.30,10.62,10.70,53,264763,13 May 155.00 (SPY1318Q155),0.01,-0.02,0.01,0.02,311,508714,
13 May 155.00 (SPY71318E155),8.22,0.0,8.69,12.22,0,1058,13 May 155.00 (SPY71318Q155),0.04,0.0,0.0,0.03,0,2406,
13 May 155.00 (SPYJ1318E155),0.0,0.0,8.37,12.97,0,0,13 May 155.00 (SPYJ1318Q155),0.0,0.0,0.0,4.10,0,0,
13 May 155.50 (SPY1318E155.5),7.67,0.0,10.09,10.20,0,4,13 May 155.50 (SPY1318Q155.5),0.02,0.0,0.01,0.02,142,1046,
13 May 155.50 (SPY71318E155.5),0.0,0.0,8.23,10.95,0,0,13 May 155.50 (SPY71318Q155.5),0.0,0.0,0.0,0.03,0,0,
13 May 155.50 (SPYJ1318E155.5),0.0,0.0,7.87,12.47,0,0,13 May 155.50 (SPYJ1318Q155.5),0.0,0.0,0.0,4.10,0,0,
13 May 156.00 (SPY1318E156),9.35,+0.09,9.62,9.69,86,89170,13 May 156.00 (SPY1318Q156),0.01,-0.01,0.01,0.02,188,196249,
13 May 156.00 (SPY71318E156),7.77,0.0,7.94,10.98,0,3058,13 May 156.00 (SPY71318Q156),0.29,0.0,0.0,0.03,0,2422,
13 May 156.00 (SPYJ1318E156),0.0,0.0,7.37,11.97,0,0,13 May 156.00 (SPYJ1318Q156),0.0,0.0,0.0,4.11,0,0,
13 May 156.50 (SPY1318E156.5),8.62,+0.07,9.09,9.20,50,117,13 May 156.50 (SPY1318Q156.5),0.02,-0.02,0.01,0.02,348,7711,
13 May 156.50 (SPY71318E156.5),0.0,0.0,7.58,10.60,0,0,13 May 156.50 (SPY71318Q156.5),0.0,0.0,0.0,0.03,0,0,
13 May 156.50 (SPYJ1318E156.5),0.0,0.0,6.88,11.48,0,0,13 May 156.50 (SPYJ1318Q156.5),0.0,0.0,0.0,4.11,0,0,
13 May 157.00 (SPY1318E157),8.60,+0.31,8.62,8.70,217,89995,13 May 157.00 (SPY1318Q157),0.02,0.0,0.02,0.03,2144,149235,
13 May 157.00 (SPY71318E157),8.50,+1.71,7.80,9.55,1,1534,13 May 157.00 (SPY71318Q157),0.04,+0.02,0.01,0.04,10,2457,
13 May 157.00 (SPYJ1318E157),0.0,0.0,6.38,10.86,0,0,13 May 157.00 (SPYJ1318Q157),0.0,0.0,0.0,4.12,0,0,
13 May 157.50 (SPY1318E157.5),7.55,+1.92,8.10,8.21,1,214,13 May 157.50 (SPY1318Q157.5),0.03,0.0,0.02,0.03,2,6517,
13 May 157.50 (SPY71318E157.5),0.0,0.0,6.45,8.95,0,0,13 May 157.50 (SPY71318Q157.5),0.0,0.0,0.01,0.04,0,0,
13 May 157.50 (SPYJ1318E157.5),0.0,0.0,5.88,10.36,0,0,13 May 157.50 (SPYJ1318Q157.5),0.0,0.0,0.0,4.12,0,0,
13 May 158.00 (SPY1318E158),7.64,+0.33,7.62,7.69,602,111595,13 May 158.00 (SPY1318Q158),0.03,0.0,0.02,0.03,826,156309,
13 May 158.00 (SPY71318E158),6.00,0.0,6.13,8.50,0,1132,13 May 158.00 (SPY71318Q158),0.16,0.0,0.01,0.04,0,1455,
13 May 158.00 (SPYJ1318E158),0.0,0.0,5.38,9.86,0,0,13 May 158.00 (SPYJ1318Q158),0.0,0.0,0.0,4.11,0,0,
13 May 158.50 (SPY1318E158.5),6.80,0.0,7.10,7.22,0,361,13 May 158.50 (SPY1318Q158.5),0.03,-0.01,0.02,0.03,446,3210,
13 May 158.50 (SPY71318E158.5),0.0,0.0,6.30,8.50,0,0,13 May 158.50 (SPY71318Q158.5),0.0,0.0,0.02,0.04,0,0,
13 May 158.50 (SPYJ1318E158.5),0.0,0.0,4.88,9.37,0,0,13 May 158.50 (SPYJ1318Q158.5),0.0,0.0,0.0,4.11,0,0,
13 May 159.00 (SPY1318E159),6.64,+0.32,6.65,6.71,443,135979,13 May 159.00 (SPY1318Q159),0.03,-0.01,0.03,0.04,6470,146725,
13 May 159.00 (SPY71318E159),5.00,0.0,4.65,7.75,0,9114,13 May 159.00 (SPY71318Q159),0.05,0.0,0.02,0.05,0,1335,
13 May 159.00 (SPYJ1318E159),0.0,0.0,4.39,8.87,0,0,13 May 159.00 (SPYJ1318Q159),0.0,0.0,0.0,4.09,0,0,
13 May 159.50 (SPY1318E159.5),5.80,0.0,6.11,6.21,0,745,13 May 159.50 (SPY1318Q159.5),0.03,-0.02,0.03,0.04,218,11081,
13 May 159.50 (SPY71318E159.5),0.0,0.0,4.20,7.40,0,0,13 May 159.50 (SPY71318Q159.5),0.05,-0.20,0.02,0.05,2,2,
13 May 159.50 (SPYJ1318E159.5),0.0,0.0,3.89,8.37,0,0,13 May 159.50 (SPYJ1318Q159.5),0.0,0.0,0.0,4.07,0,0,
13 May 160.00 (SPY1318E160),5.62,+0.33,5.64,5.70,8966,228005,13 May 160.00 (SPY1318Q160),0.05,-0.01,0.04,0.05,3759,121329,
13 May 160.00 (SPY71318E160),4.85,+0.39,4.85,6.20,31,2779,13 May 160.00 (SPY71318Q160),0.09,0.0,0.03,0.05,0,422,
13 May 160.00 (SPYJ1318E160),0.0,0.0,3.39,7.88,0,0,13 May 160.00 (SPYJ1318Q160),0.0,0.0,0.0,4.04,0,0,
13 May 160.50 (SPY1318E160.5),5.00,+0.25,5.15,5.20,1,861,13 May 160.50 (SPY1318Q160.5),0.06,0.0,0.04,0.05,2561,7765,
13 May 160.50 (SPY71318E160.5),0.0,0.0,4.35,6.60,0,0,13 May 160.50 (SPY71318Q160.5),0.0,0.0,0.03,0.06,0,0,
13 May 160.50 (SPYJ1318E160.5),2.77,0.0,2.88,7.27,0,0,13 May 160.50 (SPYJ1318Q160.5),0.0,0.0,0.0,4.00,0,0,
13 May 161.00 (SPY1318E161),4.67,+0.41,4.67,4.72,3584,98401,13 May 161.00 (SPY1318Q161),0.05,-0.03,0.05,0.06,4607,91766,
13 May 161.00 (SPY71318E161),2.51,0.0,3.85,5.50,0,1216,13 May 161.00 (SPY71318Q161),0.25,0.0,0.04,0.07,0,396,
13 May 161.00 (SPYJ1318E161),0.0,0.0,2.41,7.01,0,0,13 May 161.00 (SPYJ1318Q161),0.0,0.0,0.0,3.95,0,0,
13 May 161.50 (SPY1318E161.5),4.09,+0.30,4.18,4.23,127,2438,13 May 161.50 (SPY1318Q161.5),0.08,-0.01,0.06,0.07,1828,13766,
13 May 161.50 (SPY71318E161.5),1.71,0.0,3.65,4.30,0,338,13 May 161.50 (SPY71318Q161.5),0.18,0.0,0.06,0.08,0,25,
13 May 161.50 (SPYJ1318E161.5),0.0,0.0,1.77,6.37,0,0,13 May 161.50 (SPYJ1318Q161.5),0.0,0.0,0.0,3.92,0,0,
13 May 162.00 (SPY1318E162),3.74,+0.35,3.70,3.75,872,118061,13 May 162.00 (SPY1318Q162),0.08,-0.04,0.08,0.09,18420,70123,
13 May 162.00 (SPY71318E162),3.20,0.0,2.94,3.80,0,616,13 May 162.00 (SPY71318Q162),0.25,0.0,0.07,0.10,0,129,
13 May 162.00 (SPYJ1318E162),0.0,0.0,1.45,6.05,0,0,13 May 162.00 (SPYJ1318Q162),0.0,0.0,0.0,3.90,0,0,
13 May 162.50 (SPY1318E162.5),3.25,+0.40,3.23,3.28,129,11540,13 May 162.50 (SPY1318Q162.5),0.12,-0.03,0.11,0.12,3022,39028,
13 May 162.50 (SPY71318E162.5),1.46,0.0,3.08,3.35,0,10,13 May 162.50 (SPY71318Q162.5),0.48,0.0,0.11,0.12,0,31,
13 May 162.50 (SPYJ1318E162.5),0.0,0.0,0.98,5.35,0,0,13 May 162.50 (SPYJ1318Q162.5),0.0,0.0,0.0,3.86,0,0,
13 May 163.00 (SPY1318E163),2.78,+0.30,2.77,2.81,4918,132585,13 May 163.00 (SPY1318Q163),0.15,-0.06,0.15,0.16,48188,291628,
13 May 163.00 (SPY71318E163),2.48,+0.21,2.60,2.83,9,1017,13 May 163.00 (SPY71318Q163),0.26,0.0,0.13,0.16,0,516,
13 May 163.00 (SPYJ1318E163),1.07,0.0,0.50,5.10,0,10,13 May 163.00 (SPYJ1318Q163),0.0,0.0,0.0,3.79,0,0,
13 May 163.50 (SPY1318E163.5),2.27,+0.21,2.31,2.35,1621,20500,13 May 163.50 (SPY1318Q163.5),0.20,-0.06,0.18,0.20,7792,25924,
13 May 163.50 (SPY71318E163.5),1.89,0.0,1.70,2.35,0,105,13 May 163.50 (SPY71318Q163.5),0.33,0.0,0.18,0.20,0,61,
13 May 163.50 (SPYJ1318E163.5),0.78,0.0,0.04,4.64,0,7,13 May 163.50 (SPYJ1318Q163.5),0.0,0.0,0.0,3.63,0,0,
13 May 164.00 (SPY1318E164),1.88,+0.26,1.87,1.91,14673,76464,13 May 164.00 (SPY1318Q164),0.26,-0.09,0.25,0.26,11406,35695,
13 May 164.00 (SPY71318E164),1.79,+0.49,1.87,1.91,11,423,13 May 164.00 (SPY71318Q164),0.26,-0.19,0.24,0.26,90,2407,
13 May 164.00 (SPYJ1318E164),0.53,0.0,0.0,4.60,0,10,13 May 164.00 (SPYJ1318Q164),0.0,0.0,0.0,3.63,0,0,
13 May 164.50 (SPY1318E164.5),1.49,+0.25,1.47,1.49,5436,25960,13 May 164.50 (SPY1318Q164.5),0.34,-0.14,0.34,0.35,9057,32639,
13 May 164.50 (SPY71318E164.5),1.45,+0.42,1.46,1.50,190,30,13 May 164.50 (SPY71318Q164.5),0.47,-0.19,0.34,0.35,6,66,
13 May 164.50 (SPYJ1318E164.5),0.0,0.0,0.0,4.59,0,0,13 May 164.50 (SPYJ1318Q164.5),0.85,0.0,0.0,3.65,0,10,
13 May 165.00 (SPY1318E165),1.11,+0.17,1.10,1.12,27017,116978,13 May 165.00 (SPY1318Q165),0.46,-0.19,0.47,0.48,50950,31816,
13 May 165.00 (SPY71318E165),0.82,+0.16,1.09,1.12,29,1126,13 May 165.00 (SPY71318Q165),0.48,-0.20,0.46,0.48,72,1118,
13 May 165.00 (SPYJ1318E165),0.0,0.0,0.0,4.59,0,0,13 May 165.00 (SPYJ1318Q165),1.10,0.0,0.0,3.93,0,10,
13 May 165.50 (SPY1318E165.5),0.78,+0.15,0.78,0.79,13182,25973,13 May 165.50 (SPY1318Q165.5),0.64,-0.21,0.64,0.65,8731,5785,
13 May 165.50 (SPY71318E165.5),0.59,0.0,0.77,0.79,0,11,13 May 165.50 (SPY71318Q165.5),0.93,0.0,0.64,0.65,4,0,
13 May 165.50 (SPYJ1318E165.5),0.0,0.0,0.0,4.15,0,0,13 May 165.50 (SPYJ1318Q165.5),0.0,0.0,0.0,4.59,0,0,
13 May 166.00 (SPY1318E166),0.53,+0.10,0.51,0.52,21395,84581,13 May 166.00 (SPY1318Q166),0.90,-0.27,0.87,0.89,3414,6178,
13 May 166.00 (SPY71318E166),0.40,0.0,0.51,0.53,0,301,13 May 166.00 (SPY71318Q166),1.20,0.0,0.87,0.89,12,0,
13 May 166.00 (SPYJ1318E166),0.0,0.0,0.0,3.65,0,0,13 May 166.00 (SPYJ1318Q166),0.0,0.0,0.0,4.59,0,0,
13 May 166.50 (SPY1318E166.5),0.32,+0.05,0.32,0.33,13030,16946,13 May 166.50 (SPY1318Q166.5),1.18,-0.40,1.17,1.19,2099,864,
13 May 166.50 (SPYJ1318E166.5),0.0,0.0,0.0,3.53,0,0,13 May 166.50 (SPYJ1318Q166.5),0.0,0.0,0.0,4.59,0,0,
13 May 167.00 (SPY1318E167),0.19,+0.04,0.18,0.19,4793,31681,13 May 167.00 (SPY1318Q167),1.58,-0.32,1.53,1.60,363,2830,
13 May 167.00 (SPY71318E167),0.11,0.0,0.19,0.20,24,39,13 May 167.00 (SPY71318Q167),0.0,0.0,1.49,1.63,0,0,
13 May 167.00 (SPYJ1318E167),0.0,0.0,0.0,3.58,0,0,13 May 167.00 (SPYJ1318Q167),0.0,0.0,0.0,4.60,0,0,
13 May 167.50 (SPY1318E167.5),0.11,+0.02,0.11,0.12,469,3034,13 May 167.50 (SPY1318Q167.5),2.13,-0.22,1.95,2.02,136,350,
13 May 167.50 (SPY71318E167.5),0.0,0.0,0.10,0.13,0,0,13 May 167.50 (SPY71318Q167.5),0.0,0.0,1.91,2.05,0,0,
13 May 167.50 (SPYJ1318E167.5),0.0,0.0,0.0,3.71,0,0,13 May 167.50 (SPYJ1318Q167.5),0.0,0.0,0.0,4.60,0,0,
13 May 168.00 (SPY71318E168),0.10,0.0,0.05,0.09,0,4,13 May 168.00 (SPY71318Q168),0.0,0.0,2.30,2.61,0,0,
13 May 168.00 (SPYJ1318E168),0.0,0.0,0.0,3.89,0,0,13 May 168.00 (SPYJ1318Q168),0.0,0.0,0.10,4.70,0,0,
13 May 169.00 (SPY1318E169),0.02,0.0,0.02,0.04,327,21221,13 May 169.00 (SPY1318Q169),3.79,-0.46,3.37,3.44,68,154,
13 May 169.00 (SPY71318E169),0.0,0.0,0.02,0.05,0,0,13 May 169.00 (SPY71318Q169),0.0,0.0,2.42,5.50,0,0,
13 May 169.00 (SPYJ1318E169),0.0,0.0,0.0,4.06,0,0,13 May 169.00 (SPYJ1318Q169),0.0,0.0,1.06,5.66,0,0,
13 May 170.00 (SPY71318E170),0.02,0.0,0.0,0.03,0,20,13 May 170.00 (SPY71318Q170),0.0,0.0,3.10,6.50,0,0,
13 May 170.00 (SPYJ1318E170),0.0,0.0,0.0,4.12,0,0,13 May 170.00 (SPYJ1318Q170),0.0,0.0,2.05,6.65,0,0,
13 May 171.00 (SPY71318E171),0.0,0.0,0.0,0.02,0,0,13 May 171.00 (SPY71318Q171),0.0,0.0,4.05,7.48,0,0,
13 May 171.00 (SPYJ1318E171),0.0,0.0,0.0,4.11,0,0,13 May 171.00 (SPYJ1318Q171),0.0,0.0,3.18,7.65,0,0,
13 May 172.00 (SPY1318E172),0.01,0.0,0.0,0.01,0,9129,13 May 172.00 (SPY1318Q172),18.06,0.0,6.31,6.44,0,5,
13 May 172.00 (SPY71318E172),0.02,0.0,0.0,0.02,0,209,13 May 172.00 (SPY71318Q172),0.0,0.0,4.87,8.50,0,0,
13 May 172.00 (SPYJ1318E172),0.0,0.0,0.0,4.10,0,0,13 May 172.00 (SPYJ1318Q172),0.0,0.0,4.18,8.64,0,0,
13 May 173.00 (SPY1318E173),0.01,0.0,0.0,0.01,0,5838,13 May 173.00 (SPY1318Q173),9.70,0.0,7.31,7.43,0,13,
13 May 173.00 (SPY71318E173),0.0,0.0,0.0,0.02,0,0,13 May 173.00 (SPY71318Q173),0.0,0.0,5.87,9.49,0,0,
13 May 173.00 (SPYJ1318E173),0.0,0.0,0.0,4.10,0,0,13 May 173.00 (SPYJ1318Q173),0.0,0.0,5.06,9.66,0,0,
13 May 174.00 (SPY1318E174),0.01,0.0,0.0,0.01,0,5481,13 May 174.00 (SPY1318Q174),15.13,0.0,8.32,8.43,0,12,
13 May 174.00 (SPY71318E174),0.0,0.0,0.0,0.02,0,0,13 May 174.00 (SPY71318Q174),0.0,0.0,7.04,10.50,0,0,
13 May 174.00 (SPYJ1318E174),0.0,0.0,0.0,4.10,0,0,13 May 174.00 (SPYJ1318Q174),0.0,0.0,6.06,10.66,0,0,
13 May 146.00 (SPY1324E146),17.07,0.0,19.59,19.75,0,4,13 May 146.00 (SPY1324Q146),0.02,0.0,0.01,0.02,71,3574,
13 May 147.00 (SPY1324E147),16.69,0.0,18.59,18.75,0,40,13 May 147.00 (SPY1324Q147),0.03,0.0,0.01,0.02,0,3028,
13 May 147.00 (SPY71324E147),0.0,0.0,16.50,20.19,0,0,13 May 147.00 (SPY71324Q147),0.0,0.0,0.0,0.03,0,0,
13 May 147.00 (SPYJ1324E147),0.0,0.0,16.37,20.85,0,0,13 May 147.00 (SPYJ1324Q147),0.0,0.0,0.0,3.74,0,0,
13 May 148.00 (SPY1324E148),13.74,0.0,17.60,17.75,0,124,13 May 148.00 (SPY1324Q148),0.02,0.0,0.02,0.03,0,1951,
13 May 148.00 (SPY71324E148),0.0,0.0,15.50,19.20,0,0,13 May 148.00 (SPY71324Q148),0.0,0.0,0.0,0.04,0,0,
13 May 148.00 (SPYJ1324E148),0.0,0.0,15.38,19.74,0,0,13 May 148.00 (SPYJ1324Q148),0.0,0.0,0.0,3.74,0,0,
13 May 149.00 (SPY1324E149),9.72,0.0,16.60,16.75,0,40,13 May 149.00 (SPY1324Q149),0.02,0.0,0.02,0.03,0,3231,
13 May 149.00 (SPY71324E149),0.0,0.0,14.50,18.20,0,0,13 May 149.00 (SPY71324Q149),0.0,0.0,0.01,0.04,0,0,
13 May 149.00 (SPYJ1324E149),0.0,0.0,14.38,18.74,0,0,13 May 149.00 (SPYJ1324Q149),0.0,0.0,0.0,3.74,0,0,
13 May 150.00 (SPY1324E150),13.20,0.0,15.60,15.76,0,112,13 May 150.00 (SPY1324Q150),0.03,-0.01,0.02,0.03,85,42890,
13 May 150.00 (SPY71324E150),0.0,0.0,13.51,17.20,0,0,13 May 150.00 (SPY71324Q150),0.07,0.0,0.02,0.04,0,9,
13 May 150.00 (SPYJ1324E150),0.0,0.0,13.38,17.74,0,0,13 May 150.00 (SPYJ1324Q150),0.0,0.0,0.0,3.75,0,0,
13 May 151.00 (SPY1324E151),14.15,0.0,14.60,14.76,0,325,13 May 151.00 (SPY1324Q151),0.04,0.0,0.03,0.04,0,4239,
13 May 151.00 (SPY71324E151),5.64,0.0,12.46,16.21,0,1,13 May 151.00 (SPY71324Q151),0.08,0.0,0.02,0.04,0,1205,
13 May 151.00 (SPYJ1324E151),0.0,0.0,12.39,16.87,0,0,13 May 151.00 (SPYJ1324Q151),0.0,0.0,0.0,3.76,0,0,
13 May 152.00 (SPY1324E152),11.11,0.0,13.61,13.77,0,384,13 May 152.00 (SPY1324Q152),0.04,-0.01,0.03,0.04,200,6951,
13 May 152.00 (SPY71324E152),0.0,0.0,11.51,15.21,0,0,13 May 152.00 (SPY71324Q152),0.09,0.0,0.03,0.05,0,24,
13 May 152.00 (SPYJ1324E152),0.0,0.0,11.39,15.87,0,0,13 May 152.00 (SPYJ1324Q152),0.0,0.0,0.0,3.76,0,0,
13 May 153.00 (SPY1324E153),9.93,0.0,12.62,12.77,0,487,13 May 153.00 (SPY1324Q153),0.04,0.0,0.04,0.05,0,5723,
13 May 153.00 (SPY71324E153),4.09,0.0,10.52,14.21,0,10,13 May 153.00 (SPY71324Q153),0.10,0.0,0.03,0.06,0,90,
13 May 153.00 (SPYJ1324E153),0.0,0.0,10.40,15.00,0,0,13 May 153.00 (SPYJ1324Q153),0.0,0.0,0.0,3.77,0,0,
13 May 154.00 (SPY1324E154),10.28,0.0,11.62,11.78,0,1258,13 May 154.00 (SPY1324Q154),0.05,0.0,0.05,0.06,20,4942,
13 May 154.00 (SPY71324E154),8.07,0.0,9.69,13.26,0,2,13 May 154.00 (SPY71324Q154),0.82,0.0,0.04,0.06,0,50,
13 May 154.00 (SPYJ1324E154),0.0,0.0,9.40,14.00,0,0,13 May 154.00 (SPYJ1324Q154),0.0,0.0,0.0,3.78,0,0,
13 May 155.00 (SPY1324E155),9.93,0.0,10.64,10.79,0,2174,13 May 155.00 (SPY1324Q155),0.06,0.0,0.06,0.07,0,6515,
13 May 155.00 (SPY71324E155),5.00,0.0,8.51,12.10,0,5,13 May 155.00 (SPY71324Q155),0.31,0.0,0.05,0.07,0,108,
13 May 155.00 (SPYJ1324E155),0.0,0.0,8.41,12.78,0,0,13 May 155.00 (SPYJ1324Q155),0.0,0.0,0.0,3.80,0,0,
13 May 156.00 (SPY1324E156),9.12,0.0,9.65,9.75,0,2741,13 May 156.00 (SPY1324Q156),0.07,-0.01,0.07,0.08,836,11288,
13 May 156.00 (SPY71324E156),8.08,0.0,7.98,11.05,0,27,13 May 156.00 (SPY71324Q156),0.14,0.0,0.06,0.08,0,80,
13 May 156.00 (SPYJ1324E156),0.0,0.0,7.42,11.79,0,0,13 May 156.00 (SPYJ1324Q156),0.0,0.0,0.0,3.82,0,0,
13 May 157.00 (SPY1324E157),8.67,+0.66,8.66,8.76,29,3050,13 May 157.00 (SPY1324Q157),0.09,-0.01,0.08,0.09,1260,18671,
13 May 157.00 (SPY71324E157),3.00,0.0,7.06,10.05,0,13,13 May 157.00 (SPY71324Q157),0.24,0.0,0.07,0.10,0,24,
13 May 157.00 (SPYJ1324E157),0.0,0.0,6.43,10.93,0,0,13 May 157.00 (SPYJ1324Q157),0.0,0.0,0.0,3.85,0,0,
13 May 158.00 (SPY1324E158),7.34,0.0,7.68,7.78,0,4194,13 May 158.00 (SPY1324Q158),0.11,-0.02,0.10,0.11,231,13016,
13 May 158.00 (SPY71324E158),3.91,0.0,6.01,9.10,0,10,13 May 158.00 (SPY71324Q158),0.32,0.0,0.09,0.12,0,213,
13 May 158.00 (SPYJ1324E158),0.0,0.0,5.25,9.85,0,0,13 May 158.00 (SPYJ1324Q158),0.0,0.0,0.0,3.89,0,0,
13 May 159.00 (SPY1324E159),6.74,+0.37,6.71,6.80,97,6677,13 May 159.00 (SPY1324Q159),0.14,-0.02,0.13,0.14,1797,27916,
13 May 159.00 (SPY71324E159),4.44,0.0,5.05,8.10,0,307,13 May 159.00 (SPY71324Q159),0.17,0.0,0.12,0.14,0,352,
13 May 159.00 (SPYJ1324E159),0.0,0.0,4.48,8.87,0,0,13 May 159.00 (SPYJ1324Q159),0.0,0.0,0.0,3.94,0,0,
13 May 160.00 (SPY1324E160),5.79,+0.39,5.76,5.85,226,8133,13 May 160.00 (SPY1324Q160),0.17,-0.06,0.17,0.18,1640,20408,
13 May 160.00 (SPY71324E160),3.30,0.0,4.15,6.75,0,184,13 May 160.00 (SPY71324Q160),0.50,0.0,0.17,0.19,0,667,
13 May 160.00 (SPYJ1324E160),0.0,0.0,3.33,7.93,0,0,13 May 160.00 (SPYJ1324Q160),0.0,0.0,0.0,4.01,0,0,
13 May 161.00 (SPY1324E161),4.87,+0.38,4.85,4.91,304,16778,13 May 161.00 (SPY1324Q161),0.24,-0.07,0.24,0.25,685,46886,
13 May 161.00 (SPY71324E161),2.71,0.0,4.10,5.60,0,1055,13 May 161.00 (SPY71324Q161),0.72,0.0,0.23,0.25,0,17,
13 May 161.00 (SPYJ1324E161),0.0,0.0,2.43,7.03,0,0,13 May 161.00 (SPYJ1324Q161),0.0,0.0,0.0,4.11,0,0,
13 May 162.00 (SPY1324E162),3.95,+0.32,3.96,4.00,190,11570,13 May 162.00 (SPY1324Q162),0.34,-0.07,0.33,0.34,1935,34846,
13 May 162.00 (SPY71324E162),1.99,0.0,3.94,4.00,0,2053,13 May 162.00 (SPY71324Q162),0.52,0.0,0.33,0.34,0,170,
13 May 162.00 (SPYJ1324E162),0.0,0.0,1.53,6.13,0,0,13 May 162.00 (SPYJ1324Q162),0.0,0.0,0.0,4.27,0,0,
13 May 163.00 (SPY1324E163),3.14,+0.29,3.10,3.14,213,17759,13 May 163.00 (SPY1324Q163),0.47,-0.12,0.47,0.48,6744,58718,
13 May 163.00 (SPYJ1324E163),0.0,0.0,0.75,5.09,0,0,13 May 163.00 (SPYJ1324Q163),0.0,0.0,0.0,4.57,0,0,
13 May 164.00 (SPY1324E164),2.32,+0.25,2.31,2.33,2074,71059,13 May 164.00 (SPY1324Q164),0.68,-0.15,0.67,0.69,3471,25451,
13 May 164.00 (SPYJ1324E164),0.99,0.0,0.02,4.58,0,10,13 May 164.00 (SPYJ1324Q164),1.13,0.0,0.0,4.59,0,6,
13 May 165.00 (SPY1324E165),1.61,+0.17,1.61,1.63,3242,22565,13 May 165.00 (SPY1324Q165),1.00,-0.18,0.96,0.98,5048,10917,
13 May 165.00 (SPY71324E165),1.56,+0.16,1.60,1.63,8,767,13 May 165.00 (SPY71324Q165),1.20,0.0,0.96,0.98,0,49,
13 May 165.00 (SPYJ1324E165),0.93,0.0,0.0,4.59,0,10,13 May 165.00 (SPYJ1324Q165),0.0,0.0,0.0,4.59,0,0,
13 May 166.00 (SPY1324E166),1.03,+0.14,1.02,1.03,3004,27774,13 May 166.00 (SPY1324Q166),1.38,-0.26,1.38,1.39,3321,2134,
13 May 166.00 (SPY71324E166),0.83,+0.04,1.02,1.04,10,13,13 May 166.00 (SPY71324Q166),1.70,0.0,1.37,1.40,0,24,
13 May 166.00 (SPYJ1324E166),0.0,0.0,0.0,4.59,0,0,13 May 166.00 (SPYJ1324Q166),0.0,0.0,0.0,4.59,0,0,
13 May 167.00 (SPY1324E167),0.60,+0.09,0.59,0.60,5369,11381,13 May 167.00 (SPY1324Q167),2.00,-0.24,1.94,1.96,921,5877,
13 May 167.00 (SPY71324E167),0.19,0.0,0.59,0.61,0,149,13 May 167.00 (SPY71324Q167),0.0,0.0,1.92,1.99,0,0,
13 May 167.00 (SPYJ1324E167),0.0,0.0,0.0,4.55,0,0,13 May 167.00 (SPYJ1324Q167),0.0,0.0,0.02,4.59,0,0,
13 May 168.00 (SPY1324E168),0.32,+0.05,0.32,0.33,8873,1442,13 May 168.00 (SPY1324Q168),2.70,-0.32,2.67,2.74,140,1027,
13 May 168.00 (SPYJ1324E168),0.0,0.0,0.0,4.19,0,0,13 May 168.00 (SPYJ1324Q168),0.0,0.0,0.53,5.13,0,0,
13 May 169.00 (SPY1324E169),0.17,+0.01,0.16,0.18,8435,3074,13 May 169.00 (SPY1324Q169),3.90,-0.20,3.50,3.59,20,122,
13 May 169.00 (SPYJ1324E169),0.0,0.0,0.0,4.05,0,0,13 May 169.00 (SPYJ1324Q169),0.0,0.0,1.40,6.00,0,0,
13 May 170.00 (SPY1324E170),0.10,+0.02,0.09,0.10,544,2164,13 May 170.00 (SPY1324Q170),4.50,-0.44,4.42,4.51,54,67,
13 May 170.00 (SPY71324E170),0.06,0.0,0.08,0.10,0,2,13 May 170.00 (SPY71324Q170),0.0,0.0,2.97,6.10,0,0,
13 May 170.00 (SPYJ1324E170),0.0,0.0,0.0,3.95,0,0,13 May 170.00 (SPYJ1324Q170),0.0,0.0,2.39,6.73,0,0,
13 May 146.00 (SPY1331E146),14.01,0.0,19.61,19.72,0,96,13 May 146.00 (SPY1331Q146),0.03,0.0,0.03,0.04,0,4061,
13 May 147.00 (SPY1331E147),13.04,0.0,18.62,18.77,0,106,13 May 147.00 (SPY1331Q147),0.04,0.0,0.04,0.05,0,2088,
13 May 148.00 (SPY1331E148),11.98,0.0,17.62,17.73,0,25,13 May 148.00 (SPY1331Q148),0.05,0.0,0.04,0.05,0,1032,
13 May 149.00 (SPY1331E149),11.11,0.0,16.63,16.79,0,52,13 May 149.00 (SPY1331Q149),0.05,-0.01,0.05,0.06,6,40014,
13 May 150.00 (SPY1331E150),12.83,0.0,15.64,15.79,0,60,13 May 150.00 (SPY1331Q150),0.06,-0.01,0.05,0.06,20,17623,
13 May 151.00 (SPY1331E151),11.89,0.0,14.64,14.80,0,40,13 May 151.00 (SPY1331Q151),0.07,+0.01,0.06,0.07,1,54968,
13 May 152.00 (SPY1331E152),11.52,0.0,13.65,13.76,0,105,13 May 152.00 (SPY1331Q152),0.07,0.0,0.07,0.08,315,14659,
13 May 152.50 (SPY71331E152.5),0.0,0.0,11.09,14.71,0,0,13 May 152.50 (SPY71331Q152.5),0.0,0.0,0.07,0.09,0,0,
13 May 152.50 (SPYJ1331E152.5),0.0,0.0,10.92,15.42,0,0,13 May 152.50 (SPYJ1331Q152.5),0.0,0.0,0.0,3.83,0,0,
13 May 153.00 (SPY1331E153),9.84,0.0,12.66,12.78,0,141,13 May 153.00 (SPY1331Q153),0.09,0.0,0.09,0.10,16673,24479,
13 May 153.00 (SPY71331E153),0.0,0.0,10.55,14.16,0,0,13 May 153.00 (SPY71331Q153),0.0,0.0,0.07,0.10,0,0,
13 May 153.00 (SPYJ1331E153),0.0,0.0,10.42,14.81,0,0,13 May 153.00 (SPYJ1331Q153),0.0,0.0,0.0,3.84,0,0,
13 May 153.50 (SPY71331E153.5),0.0,0.0,10.03,13.70,0,0,13 May 153.50 (SPY71331Q153.5),0.82,0.0,0.07,0.10,0,1,
13 May 153.50 (SPYJ1331E153.5),0.0,0.0,9.92,14.43,0,0,13 May 153.50 (SPYJ1331Q153.5),0.0,0.0,0.0,3.85,0,0,
13 May 154.00 (SPY1331E154),10.34,0.0,11.67,11.83,0,297,13 May 154.00 (SPY1331Q154),0.10,+0.01,0.09,0.10,228,60380,
13 May 154.00 (SPY71331E154),8.64,0.0,9.54,13.20,0,0,13 May 154.00 (SPY71331Q154),0.0,0.0,0.08,0.11,0,0,
13 May 154.00 (SPYJ1331E154),0.0,0.0,9.43,13.94,0,0,13 May 154.00 (SPYJ1331Q154),0.0,0.0,0.0,3.87,0,0,
13 May 154.50 (SPY71331E154.5),0.0,0.0,9.05,12.79,0,0,13 May 154.50 (SPY71331Q154.5),0.0,0.0,0.09,0.12,0,0,
13 May 154.50 (SPYJ1331E154.5),0.0,0.0,8.94,13.54,0,0,13 May 154.50 (SPYJ1331Q154.5),0.0,0.0,0.0,3.88,0,0,
13 May 155.00 (SPY1331E155),9.36,0.0,10.69,10.79,0,251,13 May 155.00 (SPY1331Q155),0.13,+0.02,0.11,0.12,343,24377,
13 May 155.00 (SPY71331E155),0.0,0.0,8.56,12.30,0,0,13 May 155.00 (SPY71331Q155),0.22,0.0,0.10,0.12,0,11,
13 May 155.00 (SPYJ1331E155),0.0,0.0,8.44,13.04,0,0,13 May 155.00 (SPYJ1331Q155),0.0,0.0,0.0,3.90,0,0,
13 May 155.50 (SPY71331E155.5),0.0,0.0,8.30,11.40,0,0,13 May 155.50 (SPY71331Q155.5),1.41,0.0,0.11,0.13,0,50,
13 May 155.50 (SPYJ1331E155.5),0.0,0.0,7.95,12.55,0,0,13 May 155.50 (SPYJ1331Q155.5),0.0,0.0,0.0,3.92,0,0,
13 May 156.00 (SPY1331E156),9.65,+0.31,9.71,9.81,60,495,13 May 156.00 (SPY1331Q156),0.14,+0.01,0.13,0.14,139,7011,
13 May 156.00 (SPY71331E156),0.0,0.0,8.90,11.10,0,0,13 May 156.00 (SPY71331Q156),0.57,0.0,0.12,0.14,0,1,
13 May 156.00 (SPYJ1331E156),0.0,0.0,7.27,11.87,0,0,13 May 156.00 (SPYJ1331Q156),0.0,0.0,0.0,3.94,0,0,
13 May 156.50 (SPY71331E156.5),4.44,0.0,7.52,10.80,0,3,13 May 156.50 (SPY71331Q156.5),0.53,0.0,0.13,0.16,0,2,
13 May 156.50 (SPYJ1331E156.5),0.0,0.0,6.98,11.58,0,0,13 May 156.50 (SPYJ1331Q156.5),0.0,0.0,0.0,3.96,0,0,
13 May 157.00 (SPY1331E157),8.75,+1.45,8.74,8.84,30,930,13 May 157.00 (SPY1331Q157),0.18,-0.01,0.16,0.17,724,19514,
13 May 157.00 (SPY71331E157),3.55,0.0,7.95,10.10,0,152,13 May 157.00 (SPY71331Q157),0.50,0.0,0.15,0.17,0,3,
13 May 157.00 (SPYJ1331E157),0.0,0.0,6.30,10.90,0,0,13 May 157.00 (SPYJ1331Q157),0.0,0.0,0.0,3.99,0,0,
13 May 157.50 (SPY71331E157.5),3.00,0.0,7.45,9.65,0,1,13 May 157.50 (SPY71331Q157.5),0.79,0.0,0.17,0.19,0,46,
13 May 157.50 (SPYJ1331E157.5),0.0,0.0,5.81,10.41,0,0,13 May 157.50 (SPYJ1331Q157.5),0.0,0.0,0.0,4.02,0,0,
13 May 158.00 (SPY1331E158),7.47,0.0,7.78,7.88,0,4054,13 May 158.00 (SPY1331Q158),0.20,-0.02,0.19,0.20,572,58203,
13 May 158.00 (SPY71331E158),3.33,0.0,6.11,9.30,0,554,13 May 158.00 (SPY71331Q158),1.56,0.0,0.19,0.21,0,1,
13 May 158.00 (SPYJ1331E158),0.0,0.0,5.33,9.93,0,0,13 May 158.00 (SPYJ1331Q158),0.0,0.0,0.0,4.06,0,0,
13 May 158.50 (SPY71331E158.5),3.98,0.0,6.45,8.85,0,1,13 May 158.50 (SPY71331Q158.5),0.78,0.0,0.21,0.23,0,220,
13 May 158.50 (SPYJ1331E158.5),0.0,0.0,4.86,9.46,0,0,13 May 158.50 (SPYJ1331Q158.5),0.0,0.0,0.0,4.10,0,0,
13 May 159.00 (SPY1331E159),6.75,+0.23,6.83,6.93,50,15133,13 May 159.00 (SPY1331Q159),0.25,-0.04,0.24,0.25,232,36383,
13 May 159.00 (SPY71331E159),2.49,0.0,5.30,8.35,0,3,13 May 159.00 (SPY71331Q159),0.29,-0.46,0.24,0.26,72,11,
13 May 159.00 (SPYJ1331E159),0.0,0.0,4.39,8.99,0,0,13 May 159.00 (SPYJ1331Q159),0.0,0.0,0.0,4.14,0,0,
13 May 159.50 (SPY71331E159.5),3.30,0.0,5.60,7.65,0,193,13 May 159.50 (SPY71331Q159.5),0.42,0.0,0.27,0.29,0,28,
13 May 159.50 (SPYJ1331E159.5),0.0,0.0,3.96,8.56,0,0,13 May 159.50 (SPYJ1331Q159.5),0.0,0.0,0.0,4.19,0,0,
13 May 160.00 (SPY1331E160),5.58,+0.05,5.91,6.00,12,7312,13 May 160.00 (SPY1331Q160),0.32,-0.06,0.31,0.32,2503,35352,
13 May 160.00 (SPY71331E160),3.52,0.0,5.15,6.70,0,325,13 May 160.00 (SPY71331Q160),1.01,0.0,0.31,0.33,0,16,
13 May 160.00 (SPYJ1331E160),0.0,0.0,3.48,8.08,0,0,13 May 160.00 (SPYJ1331Q160),0.38,0.0,0.0,4.25,0,3,
13 May 160.50 (SPY71331E160.5),2.91,0.0,4.75,6.25,0,387,13 May 160.50 (SPY71331Q160.5),1.30,0.0,0.35,0.37,0,1,
13 May 160.50 (SPYJ1331E160.5),0.0,0.0,3.05,7.65,0,0,13 May 160.50 (SPYJ1331Q160.5),0.57,0.0,0.0,4.33,0,10,
13 May 161.00 (SPY71331E161),2.66,0.0,4.30,5.85,0,17,13 May 161.00 (SPY71331Q161),0.59,0.0,0.41,0.43,0,213,
13 May 161.00 (SPYJ1331E161),0.0,0.0,2.61,7.21,0,0,13 May 161.00 (SPYJ1331Q161),0.66,0.0,0.0,4.42,0,3,
13 May 161.50 (SPY71331E161.5),1.05,0.0,4.60,4.66,0,5,13 May 161.50 (SPY71331Q161.5),0.62,0.0,0.47,0.48,0,9,
13 May 161.50 (SPYJ1331E161.5),0.0,0.0,2.18,6.78,0,0,13 May 161.50 (SPYJ1331Q161.5),0.0,0.0,0.0,4.52,0,0,
13 May 162.00 (SPY1331E162),3.99,+0.32,4.18,4.22,190,7229,13 May 162.00 (SPY1331Q162),0.55,-0.08,0.55,0.56,1599,24409,
13 May 162.00 (SPY71331E162),2.76,0.0,4.17,4.23,0,1021,13 May 162.00 (SPY71331Q162),1.33,0.0,0.54,0.56,0,3500,
13 May 162.00 (SPYJ1331E162),0.0,0.0,1.76,6.36,0,0,13 May 162.00 (SPYJ1331Q162),0.0,0.0,0.0,4.60,0,0,
13 May 163.00 (SPY1331E163),3.36,+0.25,3.37,3.40,301,26429,13 May 163.00 (SPY1331Q163),0.75,-0.08,0.72,0.73,1574,16796,
13 May 163.00 (SPY71331E163),0.0,0.0,3.36,3.41,0,0,13 May 163.00 (SPY71331Q163),0.85,0.0,0.71,0.74,0,27,
13 May 163.00 (SPYJ1331E163),0.0,0.0,1.01,5.35,0,0,13 May 163.00 (SPYJ1331Q163),1.09,0.0,0.0,4.59,0,13,
13 May 164.00 (SPY1331E164),2.60,+0.20,2.61,2.64,1439,43514,13 May 164.00 (SPY1331Q164),0.98,-0.13,0.96,0.98,2563,8546,
13 May 164.00 (SPY71331E164),1.31,0.0,2.61,2.64,0,5,13 May 164.00 (SPY71331Q164),1.00,-0.26,0.95,0.98,46,1440,
13 May 164.00 (SPYJ1331E164),0.0,0.0,0.26,4.58,0,0,13 May 164.00 (SPYJ1331Q164),1.41,0.0,0.0,4.59,0,9,
13 May 165.00 (SPY1331E165),1.91,+0.16,1.93,1.96,4326,82183,13 May 165.00 (SPY1331Q165),1.30,-0.16,1.28,1.29,2939,7465,
13 May 165.00 (SPY71331E165),1.00,0.0,1.93,1.96,0,1,13 May 165.00 (SPY71331Q165),1.66,0.0,1.28,1.30,0,15,
13 May 165.00 (SPYJ1331E165),0.72,0.0,0.0,4.59,0,10,13 May 165.00 (SPYJ1331Q165),0.0,0.0,0.0,4.59,0,0,
13 May 166.00 (SPY1331E166),1.34,+0.14,1.35,1.37,1459,64644,13 May 166.00 (SPY1331Q166),1.71,-0.20,1.70,1.71,2590,1553,
13 May 166.00 (SPY71331E166),0.84,0.0,1.35,1.38,0,1,13 May 166.00 (SPY71331Q166),0.0,0.0,1.70,1.72,0,0,
13 May 166.00 (SPYJ1331E166),0.55,0.0,0.0,4.59,0,10,13 May 166.00 (SPYJ1331Q166),0.0,0.0,0.0,4.59,0,0,
13 May 167.00 (SPY1331E167),0.90,+0.11,0.89,0.90,6624,84876,13 May 167.00 (SPY1331Q167),2.25,-0.43,2.23,2.26,396,437,
13 May 167.00 (SPY71331E167),0.33,0.0,0.89,0.92,0,2,13 May 167.00 (SPY71331Q167),0.0,0.0,2.23,2.26,0,0,
13 May 167.00 (SPYJ1331E167),0.0,0.0,0.0,4.59,0,0,13 May 167.00 (SPYJ1331Q167),0.0,0.0,0.24,4.59,0,0,
13 May 168.00 (SPY1331E168),0.55,+0.06,0.55,0.57,7575,39562,13 May 168.00 (SPY1331Q168),2.95,-0.31,2.89,2.91,99,379,
13 May 168.00 (SPY71331E168),0.0,0.0,0.55,0.58,0,0,13 May 168.00 (SPY71331Q168),0.0,0.0,2.89,2.94,0,0,
13 May 168.00 (SPYJ1331E168),0.0,0.0,0.0,4.59,0,0,13 May 168.00 (SPYJ1331Q168),0.0,0.0,0.96,5.26,0,0,
13 May 169.00 (SPY1331E169),0.33,+0.04,0.33,0.34,840,4730,13 May 169.00 (SPY1331Q169),3.75,-0.45,3.66,3.75,101,181,
13 May 169.00 (SPY71331E169),0.0,0.0,0.33,0.35,0,0,13 May 169.00 (SPY71331Q169),0.0,0.0,3.00,4.45,0,0,
13 May 169.00 (SPYJ1331E169),0.0,0.0,0.0,4.37,0,0,13 May 169.00 (SPYJ1331Q169),0.0,0.0,1.55,6.15,0,0,
13 May 170.00 (SPY1331E170),0.19,+0.03,0.19,0.20,5840,6098,13 May 170.00 (SPY1331Q170),5.14,0.0,4.52,4.61,0,171,
13 May 170.00 (SPY71331E170),0.0,0.0,0.19,0.21,0,0,13 May 170.00 (SPY71331Q170),0.0,0.0,3.80,5.35,0,0,
13 May 170.00 (SPYJ1331E170),0.0,0.0,0.0,4.21,0,0,13 May 170.00 (SPYJ1331Q170),0.0,0.0,2.43,7.03,0,0,
13 May 172.00 (SPY1331E172),0.07,+0.03,0.07,0.08,24,5,13 May 172.00 (SPY1331Q172),0.0,0.0,6.38,6.50,0,0,
13 May 173.00 (SPY1331E173),0.04,0.0,0.04,0.05,0,1029,13 May 173.00 (SPY1331Q173),0.0,0.0,7.36,7.47,0,0,
13 Jun 146.00 (SPY1307F146),0.0,0.0,19.65,19.80,0,0,13 Jun 146.00 (SPY1307R146),0.0,0.0,0.05,0.07,0,0,
13 Jun 147.00 (SPY1307F147),16.50,0.0,18.65,18.81,0,1,13 Jun 147.00 (SPY1307R147),0.06,0.0,0.05,0.07,0,794,
13 Jun 147.00 (SPY71307F147),0.0,0.0,16.52,20.29,0,0,13 Jun 147.00 (SPY71307R147),0.0,0.0,0.05,0.08,0,0,
13 Jun 147.00 (SPYJ1307F147),0.0,0.0,16.42,20.82,0,0,13 Jun 147.00 (SPYJ1307R147),0.0,0.0,0.0,3.65,0,0,
13 Jun 148.00 (SPY1307F148),0.0,0.0,17.66,17.81,0,0,13 Jun 148.00 (SPY1307R148),0.07,0.0,0.06,0.08,0,657,
13 Jun 148.00 (SPY71307F148),0.0,0.0,15.56,19.20,0,0,13 Jun 148.00 (SPY71307R148),0.0,0.0,0.06,0.09,0,0,
13 Jun 148.00 (SPYJ1307F148),0.0,0.0,15.43,19.83,0,0,13 Jun 148.00 (SPYJ1307R148),0.0,0.0,0.0,3.67,0,0,
13 Jun 149.00 (SPY1307F149),0.0,0.0,16.67,16.82,0,0,13 Jun 149.00 (SPY1307R149),0.08,0.0,0.07,0.09,0,1,
13 Jun 149.00 (SPY71307F149),0.0,0.0,14.59,18.15,0,0,13 Jun 149.00 (SPY71307R149),0.0,0.0,0.07,0.09,0,0,
13 Jun 149.00 (SPYJ1307F149),0.0,0.0,14.44,18.84,0,0,13 Jun 149.00 (SPYJ1307R149),0.0,0.0,0.0,3.69,0,0,
13 Jun 150.00 (SPY1307F150),13.06,0.0,15.68,15.83,0,4,13 Jun 150.00 (SPY1307R150),0.10,0.0,0.08,0.10,0,376,
13 Jun 150.00 (SPY71307F150),0.0,0.0,13.58,17.15,0,0,13 Jun 150.00 (SPY71307R150),0.0,0.0,0.08,0.10,0,0,
13 Jun 150.00 (SPYJ1307F150),0.0,0.0,13.45,18.05,0,0,13 Jun 150.00 (SPYJ1307R150),0.0,0.0,0.0,3.71,0,0,
13 Jun 151.00 (SPY1307F151),12.53,0.0,14.69,14.85,0,80,13 Jun 151.00 (SPY1307R151),0.16,0.0,0.09,0.11,0,20,
13 Jun 151.00 (SPY71307F151),0.0,0.0,12.57,16.20,0,0,13 Jun 151.00 (SPY71307R151),0.0,0.0,0.09,0.12,0,0,
13 Jun 151.00 (SPYJ1307F151),0.0,0.0,12.46,16.86,0,0,13 Jun 151.00 (SPYJ1307R151),0.0,0.0,0.0,3.73,0,0,
13 Jun 152.00 (SPY1307F152),12.38,0.0,13.71,13.86,0,38,13 Jun 152.00 (SPY1307R152),0.13,0.0,0.11,0.13,0,2631,
13 Jun 152.00 (SPY71307F152),0.0,0.0,11.61,15.33,0,0,13 Jun 152.00 (SPY71307R152),0.0,0.0,0.10,0.13,0,0,
13 Jun 152.00 (SPYJ1307F152),0.0,0.0,11.48,15.87,0,0,13 Jun 152.00 (SPYJ1307R152),0.0,0.0,0.0,3.76,0,0,
13 Jun 153.00 (SPY1307F153),12.67,+0.67,12.73,12.83,14,53,13 Jun 153.00 (SPY1307R153),0.14,0.0,0.13,0.14,0,241,
13 Jun 153.00 (SPY71307F153),0.0,0.0,10.65,14.25,0,0,13 Jun 153.00 (SPY71307R153),1.17,0.0,0.12,0.15,0,10,
13 Jun 153.00 (SPYJ1307F153),0.0,0.0,10.49,15.09,0,0,13 Jun 153.00 (SPYJ1307R153),0.0,0.0,0.0,3.79,0,0,
13 Jun 154.00 (SPY1307F154),11.37,0.0,11.75,11.85,0,21,13 Jun 154.00 (SPY1307R154),0.17,0.0,0.15,0.17,0,2912,
13 Jun 154.00 (SPY71307F154),0.0,0.0,9.64,13.37,0,0,13 Jun 154.00 (SPY71307R154),0.0,0.0,0.14,0.17,0,0,
13 Jun 154.00 (SPYJ1307F154),0.0,0.0,9.52,14.12,0,0,13 Jun 154.00 (SPYJ1307R154),0.0,0.0,0.0,3.83,0,0,
13 Jun 155.00 (SPY1307F155),10.49,0.0,10.78,10.88,0,130,13 Jun 155.00 (SPY1307R155),0.20,+0.01,0.18,0.19,68,4723,
13 Jun 155.00 (SPY71307F155),0.0,0.0,8.66,12.39,0,0,13 Jun 155.00 (SPY71307R155),0.0,0.0,0.17,0.20,0,0,
13 Jun 155.00 (SPYJ1307F155),0.0,0.0,8.34,12.94,0,0,13 Jun 155.00 (SPYJ1307R155),0.0,0.0,0.0,3.88,0,0,
13 Jun 156.00 (SPY1307F156),9.52,+2.19,9.82,9.91,4,18,13 Jun 156.00 (SPY1307R156),0.25,0.0,0.21,0.23,3,5714,
13 Jun 156.00 (SPY71307F156),0.0,0.0,8.20,11.25,0,0,13 Jun 156.00 (SPY71307R156),0.26,0.0,0.21,0.24,0,52,
13 Jun 156.00 (SPYJ1307F156),0.0,0.0,7.38,11.98,0,0,13 Jun 156.00 (SPYJ1307R156),0.0,0.0,0.0,3.94,0,0,
13 Jun 157.00 (SPY1307F157),8.45,+1.72,8.87,8.96,1,74,13 Jun 157.00 (SPY1307R157),0.33,+0.05,0.26,0.28,27,5406,
13 Jun 157.00 (SPY71307F157),0.0,0.0,7.17,10.25,0,0,13 Jun 157.00 (SPY71307R157),0.75,0.0,0.25,0.28,0,120,
13 Jun 157.00 (SPYJ1307F157),0.0,0.0,6.44,11.04,0,0,13 Jun 157.00 (SPYJ1307R157),0.0,0.0,0.0,4.01,0,0,
13 Jun 158.00 (SPY1307F158),6.85,0.0,7.93,8.02,0,285,13 Jun 158.00 (SPY1307R158),0.35,-0.01,0.32,0.34,46,6080,
13 Jun 158.00 (SPY71307F158),4.85,0.0,6.45,9.45,0,10,13 Jun 158.00 (SPY71307R158),0.76,0.0,0.32,0.34,0,15,
13 Jun 158.00 (SPYJ1307F158),0.0,0.0,5.53,10.13,0,0,13 Jun 158.00 (SPYJ1307R158),0.0,0.0,0.0,4.11,0,0,
13 Jun 159.00 (SPY1307F159),6.53,0.0,7.01,7.10,0,1175,13 Jun 159.00 (SPY1307R159),0.43,-0.02,0.40,0.41,183,6485,
13 Jun 159.00 (SPY71307F159),4.64,0.0,6.25,7.90,0,0,13 Jun 159.00 (SPY71307R159),0.97,0.0,0.40,0.42,0,23,
13 Jun 159.00 (SPYJ1307F159),0.0,0.0,4.61,9.20,0,0,13 Jun 159.00 (SPYJ1307R159),0.0,0.0,0.0,4.23,0,0,
13 Jun 160.00 (SPY1307F160),5.61,0.0,6.11,6.20,0,1478,13 Jun 160.00 (SPY1307R160),0.54,-0.03,0.50,0.51,813,23875,
13 Jun 160.00 (SPY71307F160),3.32,0.0,5.10,6.95,0,255,13 Jun 160.00 (SPY71307R160),1.20,0.0,0.50,0.52,0,22,
13 Jun 160.00 (SPYJ1307F160),0.0,0.0,3.72,8.32,0,0,13 Jun 160.00 (SPYJ1307R160),0.0,0.0,0.0,4.39,0,0,
13 Jun 161.00 (SPY1307F161),4.85,+0.07,5.27,5.33,15,1955,13 Jun 161.00 (SPY1307R161),0.64,-0.08,0.63,0.64,162,9872,
13 Jun 161.00 (SPY71307F161),0.0,0.0,4.65,6.10,0,0,13 Jun 161.00 (SPY71307R161),0.80,0.0,0.62,0.65,0,35,
13 Jun 161.00 (SPYJ1307F161),0.0,0.0,2.92,7.46,0,0,13 Jun 161.00 (SPYJ1307R161),0.0,0.0,0.0,4.60,0,0,
13 Jun 162.00 (SPY71307F162),3.95,0.0,4.44,4.50,0,23,13 Jun 162.00 (SPY71307R162),1.32,0.0,0.79,0.81,0,58,
13 Jun 162.00 (SPYJ1307F162),0.0,0.0,2.11,6.45,0,0,13 Jun 162.00 (SPYJ1307R162),0.0,0.0,0.0,4.59,0,0,
13 Jun 163.00 (SPY1307F163),3.66,+0.29,3.67,3.70,12,4888,13 Jun 163.00 (SPY1307R163),1.02,-0.13,1.01,1.02,1468,10067,
13 Jun 163.00 (SPY71307F163),3.36,0.0,3.66,3.70,0,34,13 Jun 163.00 (SPY71307R163),1.67,0.0,1.00,1.02,0,14,
13 Jun 163.00 (SPYJ1307F163),0.0,0.0,1.33,5.68,0,0,13 Jun 163.00 (SPYJ1307R163),0.0,0.0,0.0,4.59,0,0,
13 Jun 164.00 (SPY1307F164),2.91,+0.21,2.94,2.95,1490,6912,13 Jun 164.00 (SPY1307R164),1.27,-0.17,1.27,1.29,1779,5168,
13 Jun 164.00 (SPY71307F164),2.62,+0.02,2.93,2.97,1,21,13 Jun 164.00 (SPY71307R164),2.19,0.0,1.26,1.29,0,38,
13 Jun 164.00 (SPYJ1307F164),1.46,0.0,0.65,4.98,0,10,13 Jun 164.00 (SPYJ1307R164),0.0,0.0,0.0,4.59,0,0,
13 Jun 165.00 (SPY1307F165),2.25,+0.15,2.27,2.29,772,15912,13 Jun 165.00 (SPY1307R165),1.64,-0.19,1.61,1.62,6998,3520,
13 Jun 165.00 (SPY71307F165),1.24,0.0,2.27,2.30,0,51,13 Jun 165.00 (SPY71307R165),2.32,0.0,1.60,1.63,0,52,
13 Jun 165.00 (SPYJ1307F165),1.16,0.0,0.0,4.59,0,12,13 Jun 165.00 (SPYJ1307R165),0.0,0.0,0.0,4.59,0,0,
13 Jun 166.00 (SPY1307F166),1.71,+0.21,1.69,1.71,675,8059,13 Jun 166.00 (SPY1307R166),2.05,-0.20,2.03,2.04,2597,2927,
13 Jun 166.00 (SPYJ1307F166),1.01,0.0,0.0,4.59,0,10,13 Jun 166.00 (SPYJ1307R166),0.0,0.0,0.02,4.59,0,0,
13 Jun 167.00 (SPY1307F167),1.21,+0.15,1.22,1.23,490,5391,13 Jun 167.00 (SPY1307R167),2.63,-0.23,2.55,2.57,37,238,
13 Jun 167.00 (SPYJ1307F167),0.0,0.0,0.0,4.59,0,0,13 Jun 167.00 (SPYJ1307R167),0.0,0.0,0.56,4.91,0,0,
13 Jun 168.00 (SPY1307F168),0.84,+0.09,0.84,0.86,1010,1561,13 Jun 168.00 (SPY1307R168),3.48,-0.04,3.16,3.20,9,728,
13 Jun 168.00 (SPYJ1307F168),0.60,0.0,0.0,4.59,0,10,13 Jun 168.00 (SPYJ1307R168),0.0,0.0,1.26,5.59,0,0,
13 Jun 169.00 (SPYJ1307F169),0.0,0.0,0.0,4.46,0,0,13 Jun 169.00 (SPYJ1307R169),0.0,0.0,1.74,6.34,0,0,
13 Jun 170.00 (SPY1307F170),0.38,+0.07,0.36,0.38,43,6894,13 Jun 170.00 (SPY1307R170),5.11,+0.01,4.69,4.78,2,95,
13 Jun 170.00 (SPY71307F170),0.0,0.0,0.36,0.38,0,0,13 Jun 170.00 (SPY71307R170),0.0,0.0,3.85,5.50,0,0,
13 Jun 170.00 (SPYJ1307F170),0.0,0.0,0.0,4.22,0,0,13 Jun 170.00 (SPYJ1307R170),0.0,0.0,2.62,7.18,0,0,
13 Jun 146.00 (SPY71322F146),10.55,0.0,17.32,21.50,0,21,13 Jun 146.00 (SPY71322R146),0.55,0.0,0.12,0.15,0,72,
13 Jun 146.00 (SPYJ1322F146),0.0,0.0,17.50,22.10,0,0,13 Jun 146.00 (SPYJ1322R146),0.0,0.0,0.0,3.50,0,0,
13 Jun 147.00 (SPY1322F147),17.90,0.0,18.72,18.87,0,17552,13 Jun 147.00 (SPY1322R147),0.16,-0.01,0.15,0.16,5888,86704,
13 Jun 147.00 (SPY71322F147),0.0,0.0,16.62,20.15,0,0,13 Jun 147.00 (SPY71322R147),0.72,0.0,0.14,0.17,0,340,
13 Jun 147.00 (SPYJ1322F147),0.0,0.0,16.52,21.12,0,0,13 Jun 147.00 (SPYJ1322R147),0.0,0.0,0.0,3.52,0,0,
13 Jun 148.00 (SPY1322F148),17.29,0.0,17.74,17.89,0,18093,13 Jun 148.00 (SPY1322R148),0.18,0.0,0.17,0.18,947,116918,
13 Jun 148.00 (SPY71322F148),8.58,0.0,15.30,19.35,0,51,13 Jun 148.00 (SPY71322R148),0.30,0.0,0.16,0.19,0,98,
13 Jun 148.00 (SPYJ1322F148),0.0,0.0,15.53,20.13,0,0,13 Jun 148.00 (SPYJ1322R148),0.0,0.0,0.0,3.54,0,0,
13 Jun 149.00 (SPY1322F149),16.53,0.0,16.75,16.90,0,17486,13 Jun 149.00 (SPY1322R149),0.21,0.0,0.20,0.21,125,90636,
13 Jun 149.00 (SPY71322F149),7.61,0.0,14.65,18.35,0,1,13 Jun 149.00 (SPY71322R149),0.35,0.0,0.18,0.21,0,158,
13 Jun 149.00 (SPYJ1322F149),0.0,0.0,14.54,19.14,0,0,13 Jun 149.00 (SPYJ1322R149),0.0,0.0,0.0,3.56,0,0,
13 Jun 150.00 (SPY1322F150),15.82,+0.40,15.77,15.92,55,52831,13 Jun 150.00 (SPY1322R150),0.22,0.0,0.22,0.23,413,195213,
13 Jun 150.00 (SPY71322F150),6.69,0.0,13.34,17.51,0,27,13 Jun 150.00 (SPY71322R150),0.45,0.0,0.21,0.23,0,694,
13 Jun 150.00 (SPYJ1322F150),0.0,0.0,13.35,17.95,0,0,13 Jun 150.00 (SPYJ1322R150),0.0,0.0,0.0,3.60,0,0,
13 Jun 151.00 (SPY1322F151),14.49,+0.01,14.80,14.90,4,18410,13 Jun 151.00 (SPY1322R151),0.28,+0.03,0.25,0.26,284,92967,
13 Jun 151.00 (SPY71322F151),6.82,0.0,12.69,16.30,0,20,13 Jun 151.00 (SPY71322R151),0.46,0.0,0.24,0.27,0,227,
13 Jun 151.00 (SPYJ1322F151),0.0,0.0,12.38,16.98,0,0,13 Jun 151.00 (SPYJ1322R151),0.0,0.0,0.0,3.63,0,0,
13 Jun 152.00 (SPY1322F152),13.87,+0.59,13.83,13.93,9,31290,13 Jun 152.00 (SPY1322R152),0.29,-0.03,0.29,0.30,1087,95022,
13 Jun 152.00 (SPY71322F152),10.35,0.0,11.73,15.45,0,498,13 Jun 152.00 (SPY71322R152),0.56,0.0,0.28,0.30,0,115,
13 Jun 152.00 (SPYJ1322F152),0.0,0.0,11.41,16.01,0,0,13 Jun 152.00 (SPYJ1322R152),0.0,0.0,0.0,3.68,0,0,
13 Jun 153.00 (SPY1322F153),12.92,+0.35,12.86,12.97,7,31826,13 Jun 153.00 (SPY1322R153),0.34,-0.02,0.33,0.34,4904,82995,
13 Jun 153.00 (SPY71322F153),10.68,0.0,10.78,14.40,0,175,13 Jun 153.00 (SPY71322R153),0.41,0.0,0.32,0.35,0,184,
13 Jun 153.00 (SPYJ1322F153),0.0,0.0,10.64,15.03,0,0,13 Jun 153.00 (SPYJ1322R153),0.0,0.0,0.0,3.73,0,0,
13 Jun 154.00 (SPY1322F154),11.94,+0.34,11.91,12.02,21,28568,13 Jun 154.00 (SPY1322R154),0.40,0.0,0.39,0.40,883,87480,
13 Jun 154.00 (SPY71322F154),8.05,0.0,9.82,13.45,0,30,13 Jun 154.00 (SPY71322R154),0.81,0.0,0.40,0.41,0,403,
13 Jun 154.00 (SPYJ1322F154),0.0,0.0,9.50,14.10,0,0,13 Jun 154.00 (SPYJ1322R154),0.0,0.0,0.0,3.80,0,0,
13 Jun 155.00 (SPY1322F155),11.00,+0.33,10.97,11.06,188,75253,13 Jun 155.00 (SPY1322R155),0.46,-0.01,0.45,0.46,2134,260732,
13 Jun 155.00 (SPY71322F155),9.00,0.0,9.09,12.50,0,379,13 Jun 155.00 (SPY71322R155),0.50,0.0,0.45,0.47,0,856,
13 Jun 155.00 (SPYJ1322F155),0.0,0.0,8.56,13.16,0,0,13 Jun 155.00 (SPYJ1322R155),0.0,0.0,0.0,3.89,0,0,
13 Jun 156.00 (SPY1322F156),9.73,+0.04,10.05,10.12,80,42906,13 Jun 156.00 (SPY1322R156),0.55,-0.02,0.53,0.54,2538,111618,
13 Jun 156.00 (SPY71322F156),7.80,0.0,8.38,11.50,0,133,13 Jun 156.00 (SPY71322R156),0.63,0.0,0.54,0.55,0,1352,
13 Jun 156.00 (SPYJ1322F156),0.0,0.0,7.63,12.20,0,0,13 Jun 156.00 (SPYJ1322R156),0.0,0.0,0.0,4.00,0,0,
13 Jun 157.00 (SPY1322F157),9.07,+0.22,9.12,9.20,257,39746,13 Jun 157.00 (SPY1322R157),0.63,-0.05,0.63,0.64,2991,75610,
13 Jun 157.00 (SPY71322F157),6.89,0.0,8.05,10.00,0,698,13 Jun 157.00 (SPY71322R157),0.77,0.0,0.63,0.65,0,1079,
13 Jun 157.00 (SPYJ1322F157),0.0,0.0,6.74,11.28,0,0,13 Jun 157.00 (SPYJ1322R157),0.0,0.0,0.0,4.14,0,0,
13 Jun 158.00 (SPY1322F158),8.20,+0.29,8.23,8.29,69,44254,13 Jun 158.00 (SPY1322R158),0.75,-0.06,0.75,0.76,3305,113476,
13 Jun 158.00 (SPY71322F158),5.10,0.0,7.40,9.15,0,332,13 Jun 158.00 (SPY71322R158),0.97,0.0,0.74,0.76,0,611,
13 Jun 158.00 (SPYJ1322F158),0.0,0.0,5.83,10.39,0,0,13 Jun 158.00 (SPYJ1322R158),0.0,0.0,0.0,4.33,0,0,
13 Jun 159.00 (SPY1322F159),7.38,+0.34,7.34,7.41,439,57836,13 Jun 159.00 (SPY1322R159),0.90,-0.05,0.89,0.90,5188,62148,
13 Jun 159.00 (SPY71322F159),5.66,0.0,6.55,8.25,0,197,13 Jun 159.00 (SPY71322R159),1.02,0.0,0.89,0.91,0,88,
13 Jun 159.00 (SPYJ1322F159),0.0,0.0,4.95,9.51,0,0,13 Jun 159.00 (SPYJ1322R159),0.0,0.0,0.0,4.58,0,0,
13 Jun 160.00 (SPY1322F160),6.51,+0.38,6.50,6.55,7427,151658,13 Jun 160.00 (SPY1322R160),1.08,-0.07,1.06,1.07,11872,105409,
13 Jun 160.00 (SPY71322F160),6.00,+1.70,5.90,6.75,50,236,13 Jun 160.00 (SPY71322R160),1.27,0.0,1.05,1.08,0,2625,
13 Jun 160.00 (SPYJ1322F160),0.0,0.0,4.11,8.67,0,0,13 Jun 160.00 (SPYJ1322R160),0.0,0.0,0.0,4.59,0,0,
13 Jun 161.00 (SPY1322F161),5.70,+0.35,5.67,5.70,4509,47208,13 Jun 161.00 (SPY1322R161),1.27,-0.09,1.26,1.27,17399,80829,
13 Jun 161.00 (SPY71322F161),4.75,0.0,5.61,5.73,0,196,13 Jun 161.00 (SPY71322R161),1.39,-0.27,1.25,1.28,24,166,
13 Jun 161.00 (SPYJ1322F161),0.0,0.0,3.33,7.60,0,0,13 Jun 161.00 (SPYJ1322R161),0.0,0.0,0.0,4.59,0,0,
13 Jun 162.00 (SPY1322F162),4.90,+0.28,4.88,4.91,1182,98115,13 Jun 162.00 (SPY1322R162),1.51,-0.11,1.51,1.52,5849,85691,
13 Jun 162.00 (SPYJ1322F162),0.0,0.0,2.56,6.90,0,0,13 Jun 162.00 (SPYJ1322R162),0.0,0.0,0.0,4.59,0,0,
13 Jun 163.00 (SPY1322F163),4.14,+0.26,4.13,4.15,2799,58836,13 Jun 163.00 (SPY1322R163),1.80,-0.14,1.80,1.81,7451,83330,
13 Jun 163.00 (SPY71322F163),3.73,0.0,4.12,4.16,0,457,13 Jun 163.00 (SPY71322R163),1.96,-0.21,1.79,1.81,2,88,
13 Jun 163.00 (SPYJ1322F163),0.0,0.0,1.85,6.15,0,0,13 Jun 163.00 (SPYJ1322R163),0.0,0.0,0.0,4.59,0,0,
13 Jun 164.00 (SPY1322F164),3.45,+0.25,3.43,3.45,5975,70683,13 Jun 164.00 (SPY1322R164),2.15,-0.15,2.14,2.16,5132,19176,
13 Jun 164.00 (SPY71322F164),3.04,0.0,3.42,3.45,0,903,13 Jun 164.00 (SPY71322R164),2.32,+0.01,2.14,2.16,5,53,
13 Jun 164.00 (SPYJ1322F164),2.11,0.0,1.15,5.50,0,8,13 Jun 164.00 (SPYJ1322R164),0.0,0.0,0.05,4.59,0,0,
13 Jun 165.00 (SPY1322F165),2.80,+0.20,2.80,2.81,8217,156061,13 Jun 165.00 (SPY1322R165),2.56,-0.18,2.55,2.57,10886,22079,
13 Jun 165.00 (SPY71322F165),2.55,+0.03,2.80,2.82,6,211,13 Jun 165.00 (SPY71322R165),2.81,+0.05,2.54,2.57,5,85,
13 Jun 165.00 (SPYJ1322F165),2.02,0.0,0.52,4.94,0,10,13 Jun 165.00 (SPYJ1322R165),0.0,0.0,0.49,4.84,0,0,
13 Jun 166.00 (SPY1322F166),2.23,+0.18,2.22,2.23,4535,161482,13 Jun 166.00 (SPY1322R166),3.09,-0.14,3.03,3.05,2335,7530,
13 Jun 166.00 (SPY71322F166),1.93,0.0,2.22,2.24,0,251,13 Jun 166.00 (SPY71322R166),3.36,0.0,3.03,3.05,0,27,
13 Jun 166.00 (SPYJ1322F166),1.58,0.0,0.0,4.59,0,4,13 Jun 166.00 (SPYJ1322R166),0.0,0.0,1.03,5.38,0,0,
13 Jun 167.00 (SPY1322F167),1.74,+0.16,1.73,1.74,4497,129229,13 Jun 167.00 (SPY1322R167),3.63,-0.23,3.58,3.61,1376,4284,
13 Jun 167.00 (SPYJ1322F167),0.0,0.0,0.0,4.59,0,0,13 Jun 167.00 (SPYJ1322R167),0.0,0.0,1.59,5.94,0,0,
13 Jun 168.00 (SPY1322F168),1.31,+0.13,1.31,1.32,2668,30896,13 Jun 168.00 (SPY1322R168),4.27,-0.23,4.22,4.25,1364,3847,
13 Jun 168.00 (SPY71322F168),0.65,0.0,1.31,1.34,0,178,13 Jun 168.00 (SPY71322R168),6.31,0.0,4.19,4.29,0,1,
13 Jun 168.00 (SPYJ1322F168),0.0,0.0,0.0,4.59,0,0,13 Jun 168.00 (SPYJ1322R168),0.0,0.0,2.31,6.64,0,0,
13 Jun 169.00 (SPY1322F169),0.97,+0.09,0.98,0.99,2524,42116,13 Jun 169.00 (SPY1322R169),4.95,-0.34,4.95,4.96,348,2176,
13 Jun 169.00 (SPY71322F169),0.41,0.0,0.98,1.00,0,8,13 Jun 169.00 (SPY71322R169),0.0,0.0,4.91,5.04,0,0,
13 Jun 169.00 (SPYJ1322F169),0.0,0.0,0.0,4.59,0,0,13 Jun 169.00 (SPYJ1322R169),0.0,0.0,2.92,7.37,0,0,
13 Jun 170.00 (SPY1322F170),0.72,+0.07,0.72,0.73,2377,55956,13 Jun 170.00 (SPY1322R170),6.15,+0.09,5.69,5.77,192,3705,
13 Jun 170.00 (SPY71322F170),0.60,0.0,0.72,0.74,0,34,13 Jun 170.00 (SPY71322R170),15.50,0.0,4.85,6.50,0,1,
13 Jun 170.00 (SPYJ1322F170),0.34,0.0,0.0,4.55,0,7,13 Jun 170.00 (SPYJ1322R170),0.0,0.0,3.60,8.17,0,0,
13 Jun 171.00 (SPY1322F171),0.53,+0.05,0.53,0.54,623,14539,13 Jun 171.00 (SPY1322R171),7.05,+0.13,6.53,6.61,25,656,
13 Jun 171.00 (SPY71322F171),0.46,0.0,0.52,0.54,0,36,13 Jun 171.00 (SPY71322R171),0.0,0.0,5.23,7.70,0,0,
13 Jun 171.00 (SPYJ1322F171),0.0,0.0,0.0,4.26,0,0,13 Jun 171.00 (SPYJ1322R171),0.0,0.0,4.46,9.06,0,0,
13 Jun 172.00 (SPY1322F172),0.39,+0.04,0.39,0.40,342,12447,13 Jun 172.00 (SPY1322R172),8.02,0.0,7.42,7.53,0,390,
13 Jun 172.00 (SPY71322F172),0.17,0.0,0.38,0.40,0,4,13 Jun 172.00 (SPY71322R172),0.0,0.0,6.13,9.21,0,0,
13 Jun 172.00 (SPYJ1322F172),0.0,0.0,0.0,4.06,0,0,13 Jun 172.00 (SPYJ1322R172),0.0,0.0,5.35,9.95,0,0,
13 Jun 173.00 (SPY1322F173),0.29,+0.03,0.29,0.30,1053,15432,13 Jun 173.00 (SPY1322R173),8.74,-0.42,8.33,8.45,10,389,
13 Jun 173.00 (SPY71322F173),0.26,0.0,0.28,0.31,0,22,13 Jun 173.00 (SPY71322R173),0.0,0.0,7.50,10.10,0,0,
13 Jun 173.00 (SPYJ1322F173),0.0,0.0,0.0,3.90,0,0,13 Jun 173.00 (SPYJ1322R173),0.0,0.0,6.27,10.87,0,0,
13 Jun 174.00 (SPY1322F174),0.22,+0.02,0.22,0.23,91,14671,13 Jun 174.00 (SPY1322R174),9.35,-0.25,9.25,9.40,3,326,
13 Jun 174.00 (SPY71322F174),0.0,0.0,0.20,0.24,0,0,13 Jun 174.00 (SPY71322R174),0.0,0.0,8.00,11.50,0,0,
13 Jun 174.00 (SPYJ1322F174),0.0,0.0,0.0,3.76,0,0,13 Jun 174.00 (SPYJ1322R174),0.0,0.0,7.01,11.61,0,0,
13 Jun 146.00 (SPY1328F146),19.25,+1.95,19.71,19.86,10,1926,13 Jun 146.00 (SPY1328R146),0.18,-0.11,0.16,0.19,150,18566,
13 Jun 147.00 (SPY1328F147),18.15,0.0,18.73,18.88,0,1016,13 Jun 147.00 (SPY1328R147),0.23,0.0,0.19,0.22,0,27663,
13 Jun 148.00 (SPY1328F148),17.10,0.0,17.75,17.90,0,2839,13 Jun 148.00 (SPY1328R148),0.25,0.0,0.22,0.24,0,22478,
13 Jun 149.00 (SPY1328F149),16.04,0.0,16.77,16.92,0,2573,13 Jun 149.00 (SPY1328R149),0.27,0.0,0.24,0.27,0,18714,
13 Jun 150.00 (SPY1328F150),15.35,0.0,15.80,15.95,0,4650,13 Jun 150.00 (SPY1328R150),0.34,+0.02,0.28,0.31,43,39985,
13 Jun 151.00 (SPY1328F151),13.48,0.0,14.83,14.98,0,2215,13 Jun 151.00 (SPY1328R151),0.37,-0.01,0.32,0.35,50,29351,
13 Jun 152.00 (SPY1328F152),13.80,+0.59,13.87,13.95,3,5604,13 Jun 152.00 (SPY1328R152),0.43,0.0,0.37,0.40,1,7824,
13 Jun 153.00 (SPY1328F153),12.13,0.0,12.91,13.05,0,2893,13 Jun 153.00 (SPY1328R153),0.50,0.0,0.43,0.45,0,17624,
13 Jun 154.00 (SPY1328F154),11.66,+0.01,11.97,12.05,21,3070,13 Jun 154.00 (SPY1328R154),0.56,+0.03,0.50,0.52,15,19650,
13 Jun 155.00 (SPY1328F155),10.69,0.0,11.03,11.12,0,10737,13 Jun 155.00 (SPY1328R155),0.65,+0.02,0.59,0.61,135,19228,
13 Jun 156.00 (SPY1328F156),9.63,+0.06,10.12,10.19,3,8202,13 Jun 156.00 (SPY1328R156),0.70,-0.04,0.69,0.70,33,14063,
13 Jun 160.00 (SPY1328F160),6.50,+0.59,6.61,6.66,4,10149,13 Jun 160.00 (SPY1328R160),1.30,-0.09,1.28,1.30,485,25822,
13 Jun 165.00 (SPY1328F165),2.96,+0.21,2.96,2.98,2648,11464,13 Jun 165.00 (SPY1328R165),2.84,-0.17,2.82,2.84,1652,1004,
13 Jun 170.00 (SPY1328F170),0.84,+0.12,0.84,0.85,3144,18278,13 Jun 170.00 (SPY1328R170),6.22,0.0,5.86,5.92,0,146,
13 Jun 157.00 (SPY1328F157),9.21,+0.33,9.20,9.27,1,4383,13 Jun 157.00 (SPY1328R157),0.88,+0.02,0.80,0.82,124,27466,
13 Jun 158.00 (SPY1328F158),8.08,+0.13,8.32,8.38,1,4620,13 Jun 158.00 (SPY1328R158),0.94,-0.05,0.94,0.95,62,32283,
13 Jun 159.00 (SPY1328F159),7.12,0.0,7.46,7.51,99,3595,13 Jun 159.00 (SPY1328R159),1.11,-0.05,1.10,1.11,96,3155,
13 Jun 161.00 (SPY1328F161),5.56,+0.27,5.80,5.83,5,6651,13 Jun 161.00 (SPY1328R161),1.67,+0.06,1.50,1.52,2169,2780,
13 Jun 162.00 (SPY1328F162),4.67,+0.12,5.03,5.05,25,7459,13 Jun 162.00 (SPY1328R162),1.78,-0.11,1.76,1.78,189,13664,
13 Jun 163.00 (SPY1328F163),4.28,+0.29,4.28,4.31,346,6505,13 Jun 163.00 (SPY1328R163),2.08,-0.28,2.06,2.08,423,4004,
13 Jun 164.00 (SPY1328F164),3.31,0.0,3.59,3.62,1323,9096,13 Jun 164.00 (SPY1328R164),2.47,-0.11,2.41,2.43,706,2979,
13 Jun 166.00 (SPY1328F166),2.39,+0.20,2.39,2.41,666,3318,13 Jun 166.00 (SPY1328R166),3.31,-0.23,3.29,3.31,356,577,
13 Jun 167.00 (SPY1328F167),1.89,+0.17,1.89,1.91,23138,64866,13 Jun 167.00 (SPY1328R167),3.93,-0.28,3.83,3.86,220,228,
13 Jun 168.00 (SPY1328F168),1.43,+0.14,1.47,1.48,7867,55695,13 Jun 168.00 (SPY1328R168),4.55,-0.30,4.44,4.47,71,286,
13 Jun 169.00 (SPY1328F169),1.12,+0.14,1.11,1.13,485,6548,13 Jun 169.00 (SPY1328R169),5.50,+0.02,5.12,5.15,9,121,
13 Jun 171.00 (SPY1328F171),0.61,+0.06,0.62,0.63,2129,1444,13 Jun 171.00 (SPY1328R171),8.73,0.0,6.66,6.77,0,31,
13 Jun 172.00 (SPY1328F172),0.41,+0.01,0.45,0.47,212,814,13 Jun 172.00 (SPY1328R172),0.0,0.0,7.52,7.64,0,0,
13 Jun 173.00 (SPY1328F173),0.31,0.0,0.33,0.35,0,821,13 Jun 173.00 (SPY1328R173),0.0,0.0,8.40,8.54,0,0,
13 Jun 174.00 (SPY1328F174),0.22,0.0,0.25,0.27,0,2519,13 Jun 174.00 (SPY1328R174),9.84,-1.32,9.33,9.46,24,11,
13 Jul 146.00 (SPY1320G146),19.42,+0.15,19.79,19.94,3,73,13 Jul 146.00 (SPY1320S146),0.41,+0.01,0.37,0.38,20,4985,
13 Jul 146.00 (SPY71320G146),0.0,0.0,17.68,21.30,0,0,13 Jul 146.00 (SPY71320S146),1.23,0.0,0.35,0.40,0,27,
13 Jul 146.00 (SPYJ1320G146),0.0,0.0,17.37,21.97,0,0,13 Jul 146.00 (SPYJ1320S146),0.0,0.0,0.0,4.10,0,0,
13 Jul 147.00 (SPY1320G147),18.30,0.0,18.82,18.92,0,276,13 Jul 147.00 (SPY1320S147),0.41,-0.06,0.41,0.42,1354,35016,
13 Jul 147.00 (SPY71320G147),10.85,0.0,16.72,20.36,0,0,13 Jul 147.00 (SPY71320S147),2.55,0.0,0.40,0.44,0,1404,
13 Jul 147.00 (SPYJ1320G147),0.0,0.0,16.40,20.99,0,0,13 Jul 147.00 (SPYJ1320S147),0.0,0.0,0.0,4.17,0,0,
13 Jul 148.00 (SPY1320G148),17.53,+0.28,17.86,18.00,50,349,13 Jul 148.00 (SPY1320S148),0.49,-0.01,0.46,0.47,4990,11498,
13 Jul 148.00 (SPY71320G148),0.0,0.0,15.75,19.43,0,0,13 Jul 148.00 (SPY71320S148),0.0,0.0,0.45,0.48,0,0,
13 Jul 148.00 (SPYJ1320G148),0.0,0.0,15.44,20.04,0,0,13 Jul 148.00 (SPYJ1320S148),0.0,0.0,0.0,4.25,0,0,
13 Jul 149.00 (SPY1320G149),16.59,0.0,16.89,16.98,0,484,13 Jul 149.00 (SPY1320S149),0.57,+0.03,0.51,0.52,660,23984,
13 Jul 149.00 (SPY71320G149),8.26,0.0,14.82,18.48,0,48,13 Jul 149.00 (SPY71320S149),0.67,0.0,0.50,0.54,0,43,
13 Jul 149.00 (SPYJ1320G149),0.0,0.0,14.47,19.07,0,0,13 Jul 149.00 (SPYJ1320S149),0.0,0.0,0.0,4.34,0,0,
13 Jul 150.00 (SPY1320G150),15.55,+0.07,15.94,16.03,3,1685,13 Jul 150.00 (SPY1320S150),0.59,-0.03,0.57,0.58,1644,48010,
13 Jul 150.00 (SPY71320G150),0.0,0.0,13.87,17.49,0,0,13 Jul 150.00 (SPY71320S150),0.80,0.0,0.57,0.60,0,1157,
13 Jul 150.00 (SPYJ1320G150),0.0,0.0,13.52,18.12,0,0,13 Jul 150.00 (SPYJ1320S150),0.0,0.0,0.0,4.45,0,0,
13 Jul 151.00 (SPY1320G151),14.66,0.0,14.99,15.08,0,3333,13 Jul 151.00 (SPY1320S151),0.69,-0.03,0.64,0.65,245,15891,
13 Jul 151.00 (SPY71320G151),0.0,0.0,12.91,16.55,0,0,13 Jul 151.00 (SPY71320S151),1.90,0.0,0.64,0.67,0,224,
13 Jul 151.00 (SPYJ1320G151),0.0,0.0,12.58,17.18,0,0,13 Jul 151.00 (SPYJ1320S151),0.0,0.0,0.0,4.57,0,0,
13 Jul 152.00 (SPY1320G152),13.79,+0.31,14.05,14.14,6,3487,13 Jul 152.00 (SPY1320S152),0.74,-0.03,0.72,0.73,54,92773,
13 Jul 152.00 (SPY71320G152),9.08,0.0,11.97,15.60,0,40,13 Jul 152.00 (SPY71320S152),3.27,0.0,0.72,0.75,0,126,
13 Jul 152.00 (SPYJ1320G152),0.0,0.0,11.63,16.23,0,0,13 Jul 152.00 (SPYJ1320S152),0.0,0.0,0.0,4.60,0,0,
13 Jul 153.00 (SPY1320G153),12.75,0.0,13.13,13.20,0,3588,13 Jul 153.00 (SPY1320S153),0.81,-0.11,0.81,0.82,5126,22937,
13 Jul 153.00 (SPY71320G153),9.51,0.0,11.05,14.65,0,10,13 Jul 153.00 (SPY71320S153),2.63,0.0,0.81,0.84,0,23,
13 Jul 153.00 (SPYJ1320G153),0.0,0.0,10.70,15.30,0,0,13 Jul 153.00 (SPYJ1320S153),0.0,0.0,0.0,4.60,0,0,
13 Jul 154.00 (SPY1320G154),12.21,+0.73,12.20,12.28,38,4137,13 Jul 154.00 (SPY1320S154),0.94,-0.04,0.91,0.92,245,51212,
13 Jul 154.00 (SPY71320G154),7.33,0.0,10.15,13.67,0,29,13 Jul 154.00 (SPY71320S154),1.38,0.0,0.91,0.94,0,105,
13 Jul 154.00 (SPYJ1320G154),0.0,0.0,9.78,14.38,0,0,13 Jul 154.00 (SPYJ1320S154),0.0,0.0,0.0,4.60,0,0,
13 Jul 155.00 (SPY71320G155),4.50,0.0,9.42,12.89,0,225,13 Jul 155.00 (SPY71320S155),1.17,0.0,1.02,1.05,0,435,
13 Jul 155.00 (SPYJ1320G155),0.0,0.0,8.88,13.48,0,0,13 Jul 155.00 (SPYJ1320S155),0.0,0.0,0.0,4.60,0,0,
13 Jul 156.00 (SPY1320G156),10.10,+0.04,10.42,10.47,10,14755,13 Jul 156.00 (SPY1320S156),1.17,-0.07,1.16,1.17,788,28575,
13 Jul 156.00 (SPY71320G156),5.12,0.0,8.72,11.80,0,261,13 Jul 156.00 (SPY71320S156),1.28,-0.01,1.16,1.18,18,447,
13 Jul 156.00 (SPYJ1320G156),0.0,0.0,8.01,12.61,0,0,13 Jul 156.00 (SPYJ1320S156),0.0,0.0,0.0,4.60,0,0,
13 Jul 157.00 (SPY1320G157),9.55,+0.31,9.54,9.60,1,14164,13 Jul 157.00 (SPY1320S157),1.33,-0.10,1.32,1.33,1223,39806,
13 Jul 157.00 (SPY71320G157),7.51,0.0,7.97,11.01,0,440,13 Jul 157.00 (SPY71320S157),2.01,0.0,1.31,1.34,0,517,
13 Jul 157.00 (SPYJ1320G157),0.0,0.0,7.15,11.75,0,0,13 Jul 157.00 (SPYJ1320S157),0.0,0.0,0.0,4.60,0,0,
13 Jul 158.00 (SPY71320G158),8.30,0.0,8.10,9.45,0,206,13 Jul 158.00 (SPY71320S158),1.67,-0.51,1.48,1.51,15,114,
13 Jul 158.00 (SPYJ1320G158),0.0,0.0,6.30,10.90,0,0,13 Jul 158.00 (SPYJ1320S158),0.0,0.0,0.0,4.59,0,0,
13 Jul 159.00 (SPY1320G159),7.88,+0.25,7.87,7.91,241,12091,13 Jul 159.00 (SPY1320S159),1.70,-0.10,1.69,1.70,396,53999,
13 Jul 159.00 (SPY71320G159),3.93,0.0,7.76,7.94,0,293,13 Jul 159.00 (SPY71320S159),2.21,0.0,1.68,1.70,0,250,
13 Jul 159.00 (SPYJ1320G159),0.0,0.0,5.56,9.85,0,0,13 Jul 159.00 (SPYJ1320S159),2.17,0.0,0.0,4.59,0,6,
13 Jul 160.00 (SPY1320G160),7.02,+0.24,7.07,7.10,337,17526,13 Jul 160.00 (SPY1320S160),1.91,-0.13,1.91,1.92,1549,21567,
13 Jul 160.00 (SPY71320G160),5.80,0.0,6.96,7.14,0,847,13 Jul 160.00 (SPY71320S160),2.07,-0.66,1.90,1.92,2,326,
13 Jul 160.00 (SPYJ1320G160),0.0,0.0,4.76,9.04,0,0,13 Jul 160.00 (SPYJ1320S160),0.0,0.0,0.0,4.59,0,0,
13 Jul 161.00 (SPY1320G161),6.28,+0.26,6.29,6.32,118,12137,13 Jul 161.00 (SPY1320S161),2.18,-0.13,2.17,2.18,584,17326,
13 Jul 161.00 (SPY71320G161),4.49,0.0,6.22,6.43,0,821,13 Jul 161.00 (SPY71320S161),2.42,0.0,2.16,2.18,0,26,
13 Jul 161.00 (SPYJ1320G161),0.0,0.0,3.97,8.25,0,0,13 Jul 161.00 (SPYJ1320S161),0.0,0.0,0.04,4.59,0,0,
13 Jul 162.00 (SPY1320G162),5.56,+0.23,5.55,5.58,351,26190,13 Jul 162.00 (SPY1320S162),2.48,-0.14,2.45,2.47,932,40211,
13 Jul 162.00 (SPY71320G162),3.86,0.0,5.53,5.60,0,25,13 Jul 162.00 (SPY71320S162),2.66,-0.12,2.44,2.47,6,79,
13 Jul 162.00 (SPYJ1320G162),0.0,0.0,3.23,7.54,0,0,13 Jul 162.00 (SPYJ1320S162),0.0,0.0,0.35,4.93,0,0,
13 Jul 163.00 (SPY1320G163),4.73,+0.12,4.85,4.87,427,22183,13 Jul 163.00 (SPY1320S163),2.78,-0.16,2.78,2.79,1012,19541,
13 Jul 163.00 (SPY71320G163),3.25,0.0,4.84,4.88,0,12,13 Jul 163.00 (SPY71320S163),3.00,0.0,2.77,2.79,0,116,
13 Jul 163.00 (SPYJ1320G163),0.0,0.0,2.53,6.90,0,0,13 Jul 163.00 (SPYJ1320S163),0.0,0.0,0.69,5.27,0,0,
13 Jul 164.00 (SPY1320G164),4.20,+0.23,4.19,4.20,6697,43656,13 Jul 164.00 (SPY1320S164),3.14,-0.17,3.14,3.15,5811,32462,
13 Jul 164.00 (SPY71320G164),3.94,+0.22,4.18,4.21,12,20,13 Jul 164.00 (SPY71320S164),4.60,0.0,3.13,3.16,0,58,
13 Jul 164.00 (SPYJ1320G164),0.0,0.0,1.90,6.25,0,0,13 Jul 164.00 (SPYJ1320S164),0.0,0.0,1.07,5.44,0,0,
13 Jul 165.00 (SPY1320G165),3.57,+0.21,3.57,3.58,3936,75111,13 Jul 165.00 (SPY1320S165),3.57,-0.17,3.55,3.56,7378,67049,
13 Jul 165.00 (SPY71320G165),2.40,0.0,3.56,3.60,0,12,13 Jul 165.00 (SPY71320S165),3.84,0.0,3.54,3.57,0,54,
13 Jul 165.00 (SPYJ1320G165),0.0,0.0,1.29,5.66,0,0,13 Jul 165.00 (SPYJ1320S165),0.0,0.0,1.50,5.86,0,0,
13 Jul 166.00 (SPY1320G166),3.01,+0.21,3.01,3.02,1296,13519,13 Jul 166.00 (SPY1320S166),4.03,-0.17,4.01,4.02,1807,5176,
13 Jul 166.00 (SPY71320G166),1.82,0.0,3.00,3.03,0,30,13 Jul 166.00 (SPY71320S166),0.0,0.0,4.00,4.03,0,0,
13 Jul 166.00 (SPYJ1320G166),0.0,0.0,0.54,5.12,0,0,13 Jul 166.00 (SPYJ1320S166),0.0,0.0,1.97,6.32,0,0,
13 Jul 167.00 (SPY1320G167),2.50,+0.17,2.50,2.51,735,12282,13 Jul 167.00 (SPY1320S167),4.54,-0.21,4.52,4.53,521,4100,
13 Jul 167.00 (SPY71320G167),0.41,0.0,2.49,2.52,0,6,13 Jul 167.00 (SPY71320S167),5.00,0.0,4.49,4.58,0,2,
13 Jul 167.00 (SPYJ1320G167),0.0,0.0,0.21,4.59,0,0,13 Jul 167.00 (SPYJ1320S167),0.0,0.0,2.55,6.84,0,0,
13 Jul 168.00 (SPY1320G168),2.05,+0.15,2.05,2.06,737,23330,13 Jul 168.00 (SPY1320S168),5.41,-0.03,5.08,5.10,273,1046,
13 Jul 168.00 (SPY71320G168),0.43,0.0,2.05,2.07,0,20,13 Jul 168.00 (SPY71320S168),5.63,0.0,5.07,5.16,0,3,
13 Jul 168.00 (SPYJ1320G168),0.0,0.0,0.0,4.59,0,0,13 Jul 168.00 (SPYJ1320S168),0.0,0.0,3.11,7.45,0,0,
13 Jul 169.00 (SPY1320G169),1.66,+0.13,1.65,1.66,1323,22141,13 Jul 169.00 (SPY1320S169),5.75,-0.27,5.70,5.73,171,343,
13 Jul 169.00 (SPY71320G169),0.0,0.0,1.65,1.68,0,0,13 Jul 169.00 (SPY71320S169),6.15,+0.18,5.66,5.81,3,5,
13 Jul 169.00 (SPYJ1320G169),0.0,0.0,0.0,4.59,0,0,13 Jul 169.00 (SPYJ1320S169),0.0,0.0,3.76,8.08,0,0,
13 Jul 170.00 (SPY1320G170),1.33,+0.11,1.32,1.33,923,76890,13 Jul 170.00 (SPY1320S170),6.63,-0.04,6.39,6.40,107,57196,
13 Jul 170.00 (SPY71320G170),0.26,0.0,1.32,1.34,0,16,13 Jul 170.00 (SPY71320S170),6.76,+0.11,6.35,6.49,2,5,
13 Jul 170.00 (SPYJ1320G170),0.68,0.0,0.0,4.59,0,1,13 Jul 170.00 (SPYJ1320S170),0.0,0.0,4.43,8.77,0,0,
13 Jul 171.00 (SPY1320G171),1.04,+0.08,1.05,1.06,556,23972,13 Jul 171.00 (SPY1320S171),7.61,0.0,7.11,7.14,0,433,
13 Jul 171.00 (SPY71320G171),0.17,0.0,1.04,1.07,0,35,13 Jul 171.00 (SPY71320S171),0.0,0.0,7.04,7.26,0,0,
13 Jul 171.00 (SPYJ1320G171),0.0,0.0,0.0,4.59,0,0,13 Jul 171.00 (SPYJ1320S171),0.0,0.0,4.99,9.57,0,0,
13 Jul 172.00 (SPY1320G172),0.82,+0.07,0.82,0.83,4455,27498,13 Jul 172.00 (SPY1320S172),8.37,+0.01,7.88,8.01,20,321,
13 Jul 172.00 (SPY71320G172),0.14,0.0,0.82,0.84,0,33,13 Jul 172.00 (SPY71320S172),0.0,0.0,7.10,8.65,0,0,
13 Jul 172.00 (SPYJ1320G172),0.0,0.0,0.0,4.60,0,0,13 Jul 172.00 (SPYJ1320S172),0.0,0.0,5.77,10.37,0,0,
13 Jul 173.00 (SPY1320G173),0.65,+0.07,0.65,0.66,525,5540,13 Jul 173.00 (SPY1320S173),9.28,0.0,8.71,8.83,0,128,
13 Jul 173.00 (SPY71320G173),0.65,0.0,0.64,0.67,1,0,13 Jul 173.00 (SPY71320S173),0.0,0.0,7.30,10.31,0,0,
13 Jul 173.00 (SPYJ1320G173),0.0,0.0,0.0,4.60,0,0,13 Jul 173.00 (SPYJ1320S173),0.0,0.0,6.63,11.23,0,0,
13 Jul 174.00 (SPY1320G174),0.52,+0.06,0.51,0.52,59,6496,13 Jul 174.00 (SPY1320S174),9.70,-0.30,9.57,9.70,40,273,
13 Jul 174.00 (SPYJ1320G174),0.0,0.0,0.0,4.45,0,0,13 Jul 174.00 (SPYJ1320S174),0.0,0.0,7.51,12.11,0,0,
13 Aug 146.00 (SPY1317H146),17.48,0.0,19.97,20.12,0,1156,13 Aug 146.00 (SPY1317T146),0.75,0.0,0.71,0.72,0,9692,
13 Aug 146.00 (SPY71317H146),0.0,0.0,17.60,21.54,0,0,13 Aug 146.00 (SPY71317T146),0.0,0.0,0.71,0.74,0,0,
13 Aug 146.00 (SPYJ1317H146),0.0,0.0,17.55,22.15,0,0,13 Aug 146.00 (SPYJ1317T146),0.0,0.0,0.0,4.60,0,0,
13 Aug 147.00 (SPY1317H147),18.37,0.0,19.03,19.17,0,678,13 Aug 147.00 (SPY1317T147),0.82,-0.03,0.78,0.79,100,11142,
13 Aug 147.00 (SPY71317H147),12.45,0.0,16.91,20.62,0,22,13 Aug 147.00 (SPY71317T147),0.0,0.0,0.78,0.81,0,0,
13 Aug 147.00 (SPYJ1317H147),0.0,0.0,16.61,21.21,0,0,13 Aug 147.00 (SPYJ1317T147),0.0,0.0,0.0,4.60,0,0,
13 Aug 148.00 (SPY1317H148),15.68,0.0,18.09,18.23,0,608,13 Aug 148.00 (SPY1317T148),0.87,-0.04,0.86,0.87,247,1624,
13 Aug 148.00 (SPY71317H148),0.0,0.0,15.95,19.61,0,0,13 Aug 148.00 (SPY71317T148),0.0,0.0,0.86,0.88,0,0,
13 Aug 148.00 (SPYJ1317H148),0.0,0.0,15.67,20.27,0,0,13 Aug 148.00 (SPYJ1317T148),0.0,0.0,0.0,4.60,0,0,
13 Aug 149.00 (SPY1317H149),16.54,0.0,17.16,17.29,0,1023,13 Aug 149.00 (SPY1317T149),1.02,0.0,0.94,0.96,0,3001,
13 Aug 149.00 (SPY71317H149),11.70,0.0,15.07,18.69,0,28,13 Aug 149.00 (SPY71317T149),0.0,0.0,0.94,0.97,0,0,
13 Aug 149.00 (SPYJ1317H149),0.0,0.0,14.74,19.34,0,0,13 Aug 149.00 (SPYJ1317T149),0.0,0.0,0.0,4.60,0,0,
13 Aug 150.00 (SPY71317H150),10.83,0.0,14.13,17.75,0,40,13 Aug 150.00 (SPY71317T150),1.33,0.0,1.04,1.06,0,136,
13 Aug 150.00 (SPYJ1317H150),0.0,0.0,13.81,18.40,0,0,13 Aug 150.00 (SPYJ1317T150),0.0,0.0,0.0,4.60,0,0,
13 Aug 151.00 (SPY1317H151),14.92,+0.07,15.32,15.42,30,497,13 Aug 151.00 (SPY1317T151),1.14,-0.06,1.14,1.16,7,2079,
13 Aug 151.00 (SPY71317H151),10.04,0.0,13.24,16.84,0,20,13 Aug 151.00 (SPY71317T151),0.0,0.0,1.14,1.17,0,0,
13 Aug 151.00 (SPYJ1317H151),0.0,0.0,12.92,17.49,0,0,13 Aug 151.00 (SPYJ1317T151),0.0,0.0,0.0,4.60,0,0,
13 Aug 152.00 (SPY1317H152),13.91,0.0,14.41,14.54,0,672,13 Aug 152.00 (SPY1317T152),1.34,-0.01,1.26,1.27,20,61670,
13 Aug 152.00 (SPY71317H152),9.24,0.0,12.53,15.93,0,4,13 Aug 152.00 (SPY71317T152),0.0,0.0,1.26,1.28,0,0,
13 Aug 152.00 (SPYJ1317H152),0.0,0.0,12.01,16.58,0,0,13 Aug 152.00 (SPYJ1317T152),0.0,0.0,0.0,4.60,0,0,
13 Aug 153.00 (SPY1317H153),13.27,0.0,13.52,13.65,0,1405,13 Aug 153.00 (SPY1317T153),1.46,+0.01,1.39,1.40,10,5491,
13 Aug 153.00 (SPY71317H153),10.24,0.0,11.45,14.98,0,18,13 Aug 153.00 (SPY71317T153),0.0,0.0,1.39,1.41,0,0,
13 Aug 153.00 (SPYJ1317H153),0.0,0.0,11.12,15.72,0,0,13 Aug 153.00 (SPYJ1317T153),0.0,0.0,0.0,4.60,0,0,
13 Aug 154.00 (SPY1317H154),11.20,0.0,12.64,12.77,0,2151,13 Aug 154.00 (SPY1317T154),1.70,0.0,1.53,1.54,0,15773,
13 Aug 154.00 (SPY71317H154),12.09,0.0,10.58,14.10,0,20,13 Aug 154.00 (SPY71317T154),3.10,0.0,1.53,1.55,0,5,
13 Aug 154.00 (SPYJ1317H154),0.0,0.0,10.25,14.85,0,0,13 Aug 154.00 (SPYJ1317T154),0.0,0.0,0.0,4.60,0,0,
13 Aug 155.00 (SPY1317H155),11.44,+0.42,11.78,11.85,10,2527,13 Aug 155.00 (SPY1317T155),1.74,-0.02,1.68,1.70,123,76036,
13 Aug 155.00 (SPY71317H155),11.33,0.0,9.71,13.31,0,21,13 Aug 155.00 (SPY71317T155),2.54,0.0,1.68,1.71,0,3,
13 Aug 155.00 (SPYJ1317H155),0.0,0.0,9.39,13.99,0,0,13 Aug 155.00 (SPYJ1317T155),0.0,0.0,0.0,4.60,0,0,
13 Aug 156.00 (SPY1317H156),10.30,0.0,10.93,11.02,0,2892,13 Aug 156.00 (SPY1317T156),1.97,+0.02,1.86,1.87,56,7819,
13 Aug 156.00 (SPY71317H156),0.0,0.0,9.37,12.46,0,0,13 Aug 156.00 (SPY71317T156),0.0,0.0,1.85,1.89,0,0,
13 Aug 156.00 (SPYJ1317H156),0.0,0.0,8.55,13.15,0,0,13 Aug 156.00 (SPYJ1317T156),0.0,0.0,0.0,4.59,0,0,
13 Aug 157.00 (SPY1317H157),9.81,0.0,10.13,10.17,0,2077,13 Aug 157.00 (SPY1317T157),2.14,-0.02,2.05,2.07,403,48020,
13 Aug 157.00 (SPY71317H157),0.0,0.0,10.01,10.24,0,0,13 Aug 157.00 (SPY71317T157),3.13,0.0,2.05,2.07,0,10,
13 Aug 157.00 (SPYJ1317H157),0.0,0.0,7.81,12.10,0,0,13 Aug 157.00 (SPYJ1317T157),0.0,0.0,0.0,4.59,0,0,
13 Aug 158.00 (SPY1317H158),8.86,0.0,9.33,9.37,0,1974,13 Aug 158.00 (SPY1317T158),2.27,-0.06,2.26,2.28,88,16447,
13 Aug 158.00 (SPY71317H158),0.0,0.0,9.17,9.39,0,0,13 Aug 158.00 (SPY71317T158),2.33,0.0,2.25,2.28,0,108,
13 Aug 158.00 (SPYJ1317H158),0.0,0.0,6.98,11.33,0,0,13 Aug 158.00 (SPYJ1317T158),0.0,0.0,0.09,4.59,0,0,
13 Aug 159.00 (SPY1317H159),8.55,+0.39,8.55,8.58,114,3243,13 Aug 159.00 (SPY1317T159),2.57,-0.02,2.49,2.51,104,11120,
13 Aug 159.00 (SPY71317H159),5.50,0.0,8.43,8.60,0,5,13 Aug 159.00 (SPY71317T159),3.55,0.0,2.49,2.51,0,35,
13 Aug 159.00 (SPYJ1317H159),0.0,0.0,6.22,10.50,0,0,13 Aug 159.00 (SPYJ1317T159),0.0,0.0,0.34,4.92,0,0,
13 Aug 160.00 (SPY1317H160),7.52,+0.04,7.79,7.82,10,12811,13 Aug 160.00 (SPY1317T160),2.77,-0.11,2.75,2.77,304,9331,
13 Aug 160.00 (SPY71317H160),5.86,0.0,7.73,7.85,0,145,13 Aug 160.00 (SPY71317T160),2.98,0.0,2.74,2.77,0,16,
13 Aug 160.00 (SPYJ1317H160),0.0,0.0,5.44,9.79,0,0,13 Aug 160.00 (SPYJ1317T160),0.0,0.0,0.61,5.19,0,0,
13 Aug 161.00 (SPY1317H161),6.98,+0.19,7.06,7.08,129,3445,13 Aug 161.00 (SPY1317T161),3.07,-0.10,3.04,3.06,138,9329,
13 Aug 161.00 (SPY71317H161),0.0,0.0,7.04,7.13,0,0,13 Aug 161.00 (SPY71317T161),4.04,0.0,3.02,3.06,0,31,
13 Aug 161.00 (SPYJ1317H161),0.0,0.0,4.72,9.07,0,0,13 Aug 161.00 (SPYJ1317T161),0.0,0.0,0.91,5.49,0,0,
13 Aug 162.00 (SPY1317H162),6.12,+0.02,6.37,6.39,19,6172,13 Aug 162.00 (SPY1317T162),3.36,-0.16,3.35,3.37,158,31281,
13 Aug 162.00 (SPY71317H162),5.94,0.0,6.36,6.40,0,1055,13 Aug 162.00 (SPY71317T162),4.16,0.0,3.34,3.37,0,59,
13 Aug 162.00 (SPYJ1317H162),0.0,0.0,4.07,8.40,0,0,13 Aug 162.00 (SPYJ1317T162),0.0,0.0,1.24,5.82,0,0,
13 Aug 163.00 (SPY1317H163),5.67,+0.24,5.69,5.72,62,17256,13 Aug 163.00 (SPY1317T163),3.71,-0.14,3.69,3.71,2489,32423,
13 Aug 163.00 (SPY71317H163),0.0,0.0,5.67,5.74,0,0,13 Aug 163.00 (SPY71317T163),3.85,-0.70,3.68,3.72,2,40,
13 Aug 163.00 (SPYJ1317H163),0.0,0.0,3.40,7.75,0,0,13 Aug 163.00 (SPYJ1317T163),0.0,0.0,1.60,6.18,0,0,
13 Aug 164.00 (SPY1317H164),4.90,+0.10,5.07,5.09,131,7106,13 Aug 164.00 (SPY1317T164),4.09,-0.14,4.07,4.09,876,2949,
13 Aug 164.00 (SPY71317H164),3.39,0.0,5.05,5.10,0,31,13 Aug 164.00 (SPY71317T164),4.42,0.0,4.06,4.09,0,24,
13 Aug 164.00 (SPYJ1317H164),0.0,0.0,2.77,7.12,0,0,13 Aug 164.00 (SPYJ1317T164),0.0,0.0,1.99,6.36,0,0,
13 Aug 165.00 (SPY1317H165),4.47,+0.26,4.47,4.48,2121,6102,13 Aug 165.00 (SPY1317T165),4.48,-0.21,4.48,4.50,2234,4127,
13 Aug 165.00 (SPY71317H165),0.0,0.0,4.44,4.51,0,0,13 Aug 165.00 (SPY71317T165),4.51,-1.85,4.47,4.51,5,8,
13 Aug 165.00 (SPYJ1317H165),0.0,0.0,2.17,6.55,0,0,13 Aug 165.00 (SPYJ1317T165),0.0,0.0,2.41,6.78,0,0,
13 Aug 166.00 (SPY1317H166),3.90,+0.19,3.91,3.93,410,24544,13 Aug 166.00 (SPY1317T166),4.97,-0.16,4.94,4.95,176,14216,
13 Aug 166.00 (SPY71317H166),0.0,0.0,3.88,3.94,0,0,13 Aug 166.00 (SPY71317T166),8.73,0.0,4.91,4.96,0,4,
13 Aug 166.00 (SPYJ1317H166),0.0,0.0,1.42,6.00,0,0,13 Aug 166.00 (SPYJ1317T166),0.0,0.0,2.88,7.23,0,0,
13 Aug 167.00 (SPY1317H167),3.37,+0.19,3.40,3.41,245,14195,13 Aug 167.00 (SPY1317T167),5.73,+0.07,5.42,5.44,8,1610,
13 Aug 167.00 (SPY71317H167),1.61,0.0,3.38,3.43,0,102,13 Aug 167.00 (SPY71317T167),6.90,0.0,5.41,5.47,0,101,
13 Aug 167.00 (SPYJ1317H167),0.0,0.0,0.93,5.51,0,0,13 Aug 167.00 (SPYJ1317T167),0.0,0.0,3.39,7.72,0,0,
13 Aug 168.00 (SPY1317H168),2.92,+0.21,2.93,2.94,1314,6862,13 Aug 168.00 (SPY1317T168),6.04,-0.26,5.96,5.98,181,2887,
13 Aug 168.00 (SPY71317H168),1.68,0.0,2.92,2.94,0,40,13 Aug 168.00 (SPY71317T168),7.21,0.0,5.93,6.03,0,55,
13 Aug 168.00 (SPYJ1317H168),0.0,0.0,0.47,5.05,0,0,13 Aug 168.00 (SPYJ1317T168),0.0,0.0,3.95,8.30,0,0,
13 Aug 169.00 (SPY1317H169),2.46,+0.14,2.50,2.52,231,7514,13 Aug 169.00 (SPY1317T169),6.99,0.0,6.53,6.56,0,1916,
13 Aug 169.00 (SPY71317H169),1.40,0.0,2.49,2.53,0,100,13 Aug 169.00 (SPY71317T169),7.09,0.0,6.50,6.66,0,3,
13 Aug 169.00 (SPYJ1317H169),0.0,0.0,0.06,4.64,0,0,13 Aug 169.00 (SPYJ1317T169),0.0,0.0,4.56,8.88,0,0,
13 Aug 170.00 (SPY1317H170),2.11,+0.17,2.12,2.14,2274,9581,13 Aug 170.00 (SPY1317T170),7.20,-0.25,7.17,7.18,1985,1804,
13 Aug 170.00 (SPY71317H170),1.37,0.0,2.11,2.14,0,30,13 Aug 170.00 (SPY71317T170),0.0,0.0,7.12,7.27,0,0,
13 Aug 170.00 (SPYJ1317H170),0.0,0.0,0.0,4.59,0,0,13 Aug 170.00 (SPYJ1317T170),7.65,0.0,5.16,9.51,0,0,
13 Aug 171.00 (SPY71317H171),0.0,0.0,1.78,1.81,0,0,13 Aug 171.00 (SPY71317T171),0.0,0.0,7.78,7.99,0,0,
13 Aug 171.00 (SPYJ1317H171),0.0,0.0,0.0,4.59,0,0,13 Aug 171.00 (SPYJ1317T171),0.0,0.0,5.86,10.19,0,0,
13 Aug 172.00 (SPY1317H172),1.37,+0.01,1.49,1.50,788,26135,13 Aug 172.00 (SPY1317T172),8.57,-0.59,8.54,8.57,5,117,
13 Aug 172.00 (SPY71317H172),0.0,0.0,1.49,1.52,0,0,13 Aug 172.00 (SPY71317T172),10.20,0.0,8.50,8.72,0,2,
13 Aug 172.00 (SPYJ1317H172),0.0,0.0,0.0,4.59,0,0,13 Aug 172.00 (SPYJ1317T172),0.0,0.0,6.60,10.96,0,0,
13 Aug 173.00 (SPY1317H173),1.24,+0.21,1.24,1.26,814,8368,13 Aug 173.00 (SPY1317T173),11.40,0.0,9.28,9.35,0,25,
13 Aug 173.00 (SPY71317H173),0.0,0.0,1.24,1.27,0,0,13 Aug 173.00 (SPY71317T173),0.0,0.0,7.85,10.20,0,0,
13 Aug 173.00 (SPYJ1317H173),0.0,0.0,0.0,4.59,0,0,13 Aug 173.00 (SPYJ1317T173),0.0,0.0,7.14,11.74,0,0,
13 Aug 174.00 (SPY1317H174),1.02,+0.14,1.03,1.05,349,7170,13 Aug 174.00 (SPY1317T174),10.41,0.0,10.05,10.17,0,191,
13 Aug 174.00 (SPY71317H174),0.30,0.0,1.02,1.05,0,30,13 Aug 174.00 (SPY71317T174),0.0,0.0,8.59,12.16,0,0,
13 Aug 174.00 (SPYJ1317H174),0.0,0.0,0.0,4.60,0,0,13 Aug 174.00 (SPYJ1317T174),0.0,0.0,7.94,12.54,0,0,
13 Sep 146.00 (SPY71321I146),0.0,0.0,18.12,21.86,0,0,13 Sep 146.00 (SPY71321U146),1.34,0.0,1.26,1.29,0,7,
13 Sep 146.00 (SPYJ1321I146),0.0,0.0,17.87,22.47,0,0,13 Sep 146.00 (SPYJ1321U146),0.0,0.0,0.0,4.60,0,0,
13 Sep 147.00 (SPY1321I147),18.15,0.0,19.33,19.47,0,6520,13 Sep 147.00 (SPY1321U147),1.41,0.0,1.36,1.39,0,15329,
13 Sep 147.00 (SPY71321I147),0.0,0.0,17.21,20.95,0,0,13 Sep 147.00 (SPY71321U147),0.0,0.0,1.36,1.40,0,0,
13 Sep 147.00 (SPYJ1321I147),0.0,0.0,16.98,21.58,0,0,13 Sep 147.00 (SPYJ1321U147),0.0,0.0,0.0,4.60,0,0,
13 Sep 148.00 (SPY1321I148),17.93,0.0,18.42,18.54,0,6183,13 Sep 148.00 (SPY1321U148),1.55,0.0,1.47,1.50,0,9904,
13 Sep 148.00 (SPY71321I148),0.0,0.0,16.30,19.95,0,0,13 Sep 148.00 (SPY71321U148),3.86,0.0,1.47,1.51,0,23,
13 Sep 148.00 (SPYJ1321I148),0.0,0.0,16.04,20.58,0,0,13 Sep 148.00 (SPYJ1321U148),0.0,0.0,0.0,4.60,0,0,
13 Sep 149.00 (SPY1321I149),16.99,0.0,17.51,17.63,0,6390,13 Sep 149.00 (SPY1321U149),1.66,0.0,1.59,1.62,0,16828,
13 Sep 149.00 (SPY71321I149),9.53,0.0,15.39,18.85,0,17,13 Sep 149.00 (SPY71321U149),2.08,0.0,1.60,1.63,0,21,
13 Sep 149.00 (SPYJ1321I149),0.0,0.0,15.15,19.75,0,0,13 Sep 149.00 (SPYJ1321U149),0.0,0.0,0.0,4.60,0,0,
13 Sep 150.00 (SPY1321I150),16.66,+0.46,16.62,16.75,2,11541,13 Sep 150.00 (SPY1321U150),1.76,-0.03,1.73,1.76,2,71508,
13 Sep 150.00 (SPY71321I150),8.59,0.0,14.21,18.44,0,2,13 Sep 150.00 (SPY71321U150),2.09,0.0,1.73,1.77,0,75,
13 Sep 150.00 (SPYJ1321I150),0.0,0.0,14.27,18.87,0,0,13 Sep 150.00 (SPYJ1321U150),0.0,0.0,0.0,4.60,0,0,
13 Sep 151.00 (SPY1321I151),15.05,0.0,15.75,15.87,0,4224,13 Sep 151.00 (SPY1321U151),2.03,+0.09,1.88,1.91,5,11738,
13 Sep 151.00 (SPY71321I151),0.0,0.0,13.65,17.30,0,0,13 Sep 151.00 (SPY71321U151),0.0,0.0,1.87,1.91,0,0,
13 Sep 151.00 (SPYJ1321I151),0.0,0.0,13.40,18.00,0,0,13 Sep 151.00 (SPYJ1321U151),0.0,0.0,0.0,4.60,0,0,
13 Sep 152.00 (SPY1321I152),14.20,0.0,14.87,14.99,0,8624,13 Sep 152.00 (SPY1321U152),2.14,+0.04,2.03,2.06,65,7539,
13 Sep 152.00 (SPY71321I152),7.90,0.0,12.79,16.45,0,92,13 Sep 152.00 (SPY71321U152),2.25,0.0,2.03,2.07,0,57,
13 Sep 152.00 (SPYJ1321I152),0.0,0.0,12.53,17.13,0,0,13 Sep 152.00 (SPYJ1321U152),0.0,0.0,0.0,4.60,0,0,
13 Sep 153.00 (SPY1321I153),13.70,+0.18,14.02,14.13,4,13234,13 Sep 153.00 (SPY1321U153),2.23,-0.04,2.20,2.22,65,6667,
13 Sep 153.00 (SPY71321I153),0.0,0.0,11.94,15.60,0,0,13 Sep 153.00 (SPY71321U153),5.19,0.0,2.20,2.24,0,10,
13 Sep 153.00 (SPYJ1321I153),0.0,0.0,11.68,16.28,0,0,13 Sep 153.00 (SPYJ1321U153),0.0,0.0,0.02,4.59,0,0,
13 Sep 154.00 (SPY1321I154),12.89,+0.04,13.18,13.28,1,9433,13 Sep 154.00 (SPY1321U154),2.40,-0.15,2.39,2.41,160,15937,
13 Sep 154.00 (SPY71321I154),6.67,0.0,12.50,13.35,0,18,13 Sep 154.00 (SPY71321U154),2.59,0.0,2.38,2.43,0,612,
13 Sep 154.00 (SPYJ1321I154),0.0,0.0,10.90,15.50,0,0,13 Sep 154.00 (SPYJ1321U154),0.0,0.0,0.20,4.78,0,0,
13 Sep 155.00 (SPY71321I155),11.85,0.0,12.21,12.54,0,27,13 Sep 155.00 (SPY71321U155),2.73,0.0,2.59,2.63,0,107,
13 Sep 155.00 (SPYJ1321I155),0.0,0.0,10.03,14.40,0,0,13 Sep 155.00 (SPYJ1321U155),0.0,0.0,0.42,5.00,0,0,
13 Sep 156.00 (SPY1321I156),10.97,0.0,11.58,11.63,0,13511,13 Sep 156.00 (SPY1321U156),2.83,-0.05,2.81,2.83,275,17515,
13 Sep 156.00 (SPY71321I156),6.91,0.0,11.46,11.65,0,188,13 Sep 156.00 (SPY71321U156),2.98,0.0,2.80,2.83,0,25,
13 Sep 156.00 (SPYJ1321I156),0.0,0.0,9.28,13.60,0,0,13 Sep 156.00 (SPYJ1321U156),0.0,0.0,0.64,5.22,0,0,
13 Sep 157.00 (SPY1321I157),10.82,+0.49,10.80,10.84,7,13434,13 Sep 157.00 (SPY1321U157),3.06,-0.07,3.05,3.07,426,15782,
13 Sep 157.00 (SPY71321I157),5.00,0.0,10.63,10.89,0,32,13 Sep 157.00 (SPY71321U157),4.09,0.0,3.04,3.09,0,101,
13 Sep 157.00 (SPYJ1321I157),0.0,0.0,8.49,12.83,0,0,13 Sep 157.00 (SPYJ1321U157),0.0,0.0,0.89,5.47,0,0,
13 Sep 158.00 (SPY1321I158),10.03,+0.31,10.02,10.07,14,37412,13 Sep 158.00 (SPY1321U158),3.33,-0.04,3.30,3.33,118,26441,
13 Sep 158.00 (SPY71321I158),6.95,0.0,9.87,10.09,0,31,13 Sep 158.00 (SPY71321U158),4.00,0.0,3.29,3.34,0,60,
13 Sep 158.00 (SPYJ1321I158),0.0,0.0,7.73,12.07,0,0,13 Sep 158.00 (SPYJ1321U158),0.0,0.0,1.16,5.74,0,0,
13 Sep 159.00 (SPY1321I159),8.74,0.0,9.28,9.33,0,12067,13 Sep 159.00 (SPY1321U159),3.76,+0.07,3.59,3.61,34,7305,
13 Sep 159.00 (SPY71321I159),5.29,0.0,9.17,9.37,0,264,13 Sep 159.00 (SPY71321U159),3.83,0.0,3.57,3.62,0,211,
13 Sep 159.00 (SPYJ1321I159),0.0,0.0,7.04,11.33,0,0,13 Sep 159.00 (SPYJ1321U159),0.0,0.0,1.45,6.03,0,0,
13 Sep 160.00 (SPY1321I160),8.59,+0.34,8.56,8.60,510,23056,13 Sep 160.00 (SPY1321U160),3.91,-0.11,3.89,3.91,715,11613,
13 Sep 160.00 (SPY71321I160),3.00,0.0,8.53,8.72,0,3,13 Sep 160.00 (SPY71321U160),4.03,0.0,3.87,3.93,0,1772,
13 Sep 160.00 (SPYJ1321I160),7.44,0.0,6.30,10.60,0,4,13 Sep 160.00 (SPYJ1321U160),0.0,0.0,1.77,6.35,0,0,
13 Sep 161.00 (SPY1321I161),7.60,+0.04,7.85,7.90,38,10411,13 Sep 161.00 (SPY1321U161),4.37,+0.03,4.21,4.23,69,3910,
13 Sep 161.00 (SPY71321I161),6.09,0.0,7.84,7.90,0,30,13 Sep 161.00 (SPY71321U161),5.16,0.0,4.20,4.25,0,167,
13 Sep 161.00 (SPYJ1321I161),0.0,0.0,5.60,9.91,0,0,13 Sep 161.00 (SPYJ1321U161),0.0,0.0,2.11,6.69,0,0,
13 Sep 162.00 (SPY1321I162),7.01,+0.26,7.18,7.22,144,20555,13 Sep 162.00 (SPY1321U162),4.60,-0.11,4.57,4.58,577,7276,
13 Sep 162.00 (SPY71321I162),6.68,0.0,7.17,7.23,0,17,13 Sep 162.00 (SPY71321U162),4.91,0.0,4.55,4.60,0,228,
13 Sep 162.00 (SPYJ1321I162),0.0,0.0,4.92,9.26,0,0,13 Sep 162.00 (SPYJ1321U162),0.0,0.0,2.48,7.06,0,0,
13 Sep 163.00 (SPY1321I163),6.25,+0.02,6.54,6.57,6,18861,13 Sep 163.00 (SPY1321U163),4.95,-0.14,4.94,4.96,249,6948,
13 Sep 163.00 (SPY71321I163),4.87,0.0,6.52,6.59,0,7,13 Sep 163.00 (SPY71321U163),5.67,0.0,4.92,4.98,0,138,
13 Sep 163.00 (SPYJ1321I163),0.0,0.0,4.26,8.61,0,0,13 Sep 163.00 (SPYJ1321U163),0.0,0.0,2.86,7.44,0,0,
13 Sep 164.00 (SPY1321I164),5.68,+0.04,5.92,5.95,717,10578,13 Sep 164.00 (SPY1321U164),5.55,+0.10,5.34,5.37,162,2422,
13 Sep 164.00 (SPY71321I164),5.20,0.0,5.89,5.96,0,50,13 Sep 164.00 (SPY71321U164),7.01,0.0,5.33,5.39,0,23,
13 Sep 164.00 (SPYJ1321I164),0.0,0.0,3.65,8.14,0,0,13 Sep 164.00 (SPYJ1321U164),0.0,0.0,3.16,7.65,0,0,
13 Sep 165.00 (SPY1321I165),5.33,+0.24,5.33,5.36,655,43964,13 Sep 165.00 (SPY1321U165),5.80,-0.15,5.78,5.81,356,3367,
13 Sep 165.00 (SPY71321I165),3.92,0.0,5.31,5.38,0,394,13 Sep 165.00 (SPY71321U165),0.0,0.0,5.76,5.83,0,0,
13 Sep 165.00 (SPYJ1321I165),0.0,0.0,2.86,7.44,0,0,13 Sep 165.00 (SPYJ1321U165),0.0,0.0,3.73,8.09,0,0,
13 Sep 166.00 (SPY1321I166),4.55,+0.02,4.78,4.80,607,10376,13 Sep 166.00 (SPY1321U166),6.28,-0.32,6.25,6.28,7,1227,
13 Sep 166.00 (SPY71321I166),3.35,0.0,4.76,4.82,0,10,13 Sep 166.00 (SPY71321U166),7.61,0.0,6.22,6.29,0,22,
13 Sep 166.00 (SPYJ1321I166),0.0,0.0,2.32,6.90,0,0,13 Sep 166.00 (SPYJ1321U166),0.0,0.0,4.22,8.56,0,0,
13 Sep 167.00 (SPY1321I167),4.26,+0.29,4.26,4.28,356,17081,13 Sep 167.00 (SPY1321U167),7.07,-0.04,6.76,6.78,35,1123,
13 Sep 167.00 (SPY71321I167),1.07,0.0,4.23,4.30,0,224,13 Sep 167.00 (SPY71321U167),7.22,0.0,6.72,6.83,0,2,
13 Sep 167.00 (SPYJ1321I167),0.0,0.0,1.80,6.38,0,0,13 Sep 167.00 (SPYJ1321U167),0.0,0.0,4.73,9.06,0,0,
13 Sep 168.00 (SPY1321I168),3.62,+0.06,3.78,3.80,1401,28574,13 Sep 168.00 (SPY1321U168),7.70,0.0,7.29,7.32,0,638,
13 Sep 168.00 (SPY71321I168),0.82,0.0,3.76,3.82,0,565,13 Sep 168.00 (SPY71321U168),0.0,0.0,7.25,7.37,0,0,
13 Sep 168.00 (SPYJ1321I168),0.0,0.0,1.32,5.90,0,0,13 Sep 168.00 (SPYJ1321U168),0.0,0.0,5.32,9.60,0,0,
13 Sep 169.00 (SPY1321I169),3.35,+0.25,3.33,3.35,1179,7002,13 Sep 169.00 (SPY1321U169),8.23,0.0,7.87,7.90,0,695,
13 Sep 169.00 (SPY71321I169),0.0,0.0,3.31,3.36,0,0,13 Sep 169.00 (SPY71321U169),0.0,0.0,7.86,7.92,0,0,
13 Sep 169.00 (SPYJ1321I169),0.0,0.0,0.89,5.47,0,0,13 Sep 169.00 (SPYJ1321U169),0.0,0.0,5.87,10.20,0,0,
13 Sep 170.00 (SPY1321I170),2.86,+0.14,2.92,2.94,313,86140,13 Sep 170.00 (SPY1321U170),8.96,+0.22,8.48,8.51,28,525,
13 Sep 170.00 (SPY71321I170),1.93,0.0,2.90,2.95,0,11,13 Sep 170.00 (SPY71321U170),0.0,0.0,8.46,8.68,0,0,
13 Sep 170.00 (SPYJ1321I170),0.0,0.0,0.48,5.06,0,0,13 Sep 170.00 (SPYJ1321U170),0.0,0.0,6.50,10.85,0,0,
13 Sep 171.00 (SPY1321I171),2.54,+0.31,2.55,2.57,84,25580,13 Sep 171.00 (SPY1321U171),9.37,0.0,9.12,9.16,0,512,
13 Sep 171.00 (SPY71321I171),1.10,0.0,2.53,2.58,0,1,13 Sep 171.00 (SPY71321U171),0.0,0.0,9.10,9.32,0,0,
13 Sep 171.00 (SPYJ1321I171),0.0,0.0,0.11,4.69,0,0,13 Sep 171.00 (SPYJ1321U171),0.0,0.0,7.15,11.51,0,0,
13 Sep 172.00 (SPY1321I172),2.10,+0.07,2.21,2.23,2980,34029,13 Sep 172.00 (SPY1321U172),10.11,0.0,9.80,9.86,0,277,
13 Sep 172.00 (SPY71321I172),0.0,0.0,2.20,2.24,0,0,13 Sep 172.00 (SPY71321U172),0.0,0.0,9.76,10.01,0,0,
13 Sep 172.00 (SPYJ1321I172),0.0,0.0,0.0,4.59,0,0,13 Sep 172.00 (SPYJ1321U172),0.0,0.0,7.87,12.17,0,0,
13 Sep 173.00 (SPY1321I173),1.80,+0.04,1.91,1.93,47,18292,13 Sep 173.00 (SPY1321U173),11.13,0.0,10.52,10.60,0,1648,
13 Sep 173.00 (SPY71321I173),0.0,0.0,1.90,1.94,0,0,13 Sep 173.00 (SPY71321U173),0.0,0.0,10.47,10.74,0,0,
13 Sep 173.00 (SPYJ1321I173),0.0,0.0,0.0,4.59,0,0,13 Sep 173.00 (SPYJ1321U173),0.0,0.0,8.60,12.93,0,0,
13 Sep 174.00 (SPY1321I174),1.58,+0.16,1.64,1.67,222,23285,13 Sep 174.00 (SPY1321U174),11.32,-3.05,11.25,11.35,1,40,
13 Sep 174.00 (SPY71321I174),0.0,0.0,1.64,1.68,0,0,13 Sep 174.00 (SPY71321U174),22.00,0.0,11.13,11.49,0,1,
13 Sep 174.00 (SPYJ1321I174),0.0,0.0,0.0,4.59,0,0,13 Sep 174.00 (SPYJ1321U174),0.0,0.0,9.17,13.75,0,0,
13 Sep 146.00 (SPY1330I146),14.01,0.0,20.29,20.43,0,674,13 Sep 146.00 (SPY1330U146),1.47,0.0,1.37,1.41,0,1660,
13 Sep 148.00 (SPY1330I148),17.90,0.0,18.47,18.60,0,1383,13 Sep 148.00 (SPY1330U148),1.68,0.0,1.60,1.64,0,5647,
13 Sep 149.00 (SPY1330I149),11.56,0.0,17.57,17.71,0,1016,13 Sep 149.00 (SPY1330U149),1.95,0.0,1.73,1.77,0,4503,
13 Sep 150.00 (SPY1330I150),16.05,0.0,16.68,16.82,0,2291,13 Sep 150.00 (SPY1330U150),2.00,0.0,1.87,1.91,0,14300,
13 Sep 151.00 (SPY1330I151),14.56,0.0,15.81,15.94,0,1754,13 Sep 151.00 (SPY1330U151),2.12,-0.02,2.02,2.06,30,8361,
13 Sep 152.00 (SPY1330I152),14.58,+0.90,14.95,15.08,2,2159,13 Sep 152.00 (SPY1330U152),2.30,-0.01,2.19,2.22,100,11873,
13 Sep 153.00 (SPY1330I153),12.21,0.0,14.09,14.23,0,4111,13 Sep 153.00 (SPY1330U153),2.54,-0.09,2.37,2.40,40,3906,
13 Sep 154.00 (SPY1330I154),12.70,0.0,13.28,13.36,0,3790,13 Sep 154.00 (SPY1330U154),2.66,0.0,2.57,2.59,0,2169,
13 Sep 155.00 (SPY1330I155),12.12,0.0,12.47,12.55,0,3203,13 Sep 155.00 (SPY1330U155),2.89,0.0,2.77,2.80,0,15346,
13 Sep 156.00 (SPY1330I156),10.45,0.0,11.68,11.73,0,3939,13 Sep 156.00 (SPY1330U156),3.05,-0.05,3.00,3.03,18,4896,
13 Sep 157.00 (SPY1330I157),10.61,+0.80,10.89,10.96,2,3530,13 Sep 157.00 (SPY1330U157),3.49,+0.13,3.25,3.27,18,11279,
13 Sep 158.00 (SPY1330I158),9.76,0.0,10.15,10.20,0,2280,13 Sep 158.00 (SPY1330U158),3.63,0.0,3.51,3.54,0,2534,
13 Sep 159.00 (SPY1330I159),8.96,0.0,9.41,9.47,0,1719,13 Sep 159.00 (SPY1330U159),3.82,-0.17,3.79,3.82,55,1400,
13 Sep 160.00 (SPY1330I160),8.41,0.0,8.69,8.75,0,5776,13 Sep 160.00 (SPY1330U160),4.31,+0.05,4.10,4.13,22,5786,
13 Sep 161.00 (SPY1330I161),7.76,+0.20,8.00,8.05,2,2541,13 Sep 161.00 (SPY1330U161),4.69,0.0,4.43,4.46,0,651,
13 Sep 162.00 (SPY1330I162),6.94,+0.16,7.33,7.36,3,3265,13 Sep 162.00 (SPY1330U162),5.00,-0.05,4.80,4.81,9,3013,
13 Sep 163.00 (SPY1330I163),6.55,+0.39,6.69,6.71,2,1674,13 Sep 163.00 (SPY1330U163),5.18,-0.15,5.18,5.19,124,6990,
13 Sep 164.00 (SPY1330I164),5.82,+0.20,6.08,6.10,49,2278,13 Sep 164.00 (SPY1330U164),5.90,0.0,5.58,5.60,0,1212,
13 Sep 165.00 (SPY1330I165),5.25,+0.10,5.49,5.51,100,8227,13 Sep 165.00 (SPY1330U165),6.15,-0.11,6.01,6.03,16,2498,
13 Sep 166.00 (SPY1330I166),4.73,+0.07,4.93,4.95,66,1817,13 Sep 166.00 (SPY1330U166),6.77,+0.02,6.48,6.50,127,4519,
13 Sep 167.00 (SPY1330I167),4.41,+0.26,4.40,4.42,129,5894,13 Sep 167.00 (SPY1330U167),7.40,0.0,6.97,6.99,0,84,
13 Sep 170.00 (SPY1330I170),2.90,+0.09,3.04,3.06,89,3859,13 Sep 170.00 (SPY1330U170),10.36,0.0,8.65,8.70,0,113,
13 Dec 146.00 (SPY1321L146),17.56,0.0,20.94,21.14,0,3902,13 Dec 146.00 (SPY1321X146),2.82,+0.05,2.69,2.73,700,14457,
13 Dec 146.00 (SPY71321L146),13.21,0.0,18.93,22.63,0,14,13 Dec 146.00 (SPY71321X146),5.68,0.0,2.69,2.73,0,1,
13 Dec 146.00 (SPYJ1321L146),0.0,0.0,18.69,23.29,0,0,13 Dec 146.00 (SPYJ1321X146),0.0,0.0,0.48,5.08,0,0,
13 Dec 147.00 (SPY1321L147),19.60,+0.60,20.08,20.27,2,1392,13 Dec 147.00 (SPY1321X147),2.97,+0.05,2.85,2.89,481,11998,
13 Dec 147.00 (SPY71321L147),0.0,0.0,18.09,21.77,0,0,13 Dec 147.00 (SPY71321X147),5.67,0.0,2.86,2.90,0,32,
13 Dec 147.00 (SPYJ1321L147),0.0,0.0,17.83,22.43,0,0,13 Dec 147.00 (SPYJ1321X147),0.0,0.0,0.65,5.25,0,0,
13 Dec 148.00 (SPY1321L148),17.11,0.0,19.23,19.42,0,4784,13 Dec 148.00 (SPY1321X148),3.16,+0.09,3.03,3.06,56,23321,
13 Dec 148.00 (SPY71321L148),0.0,0.0,17.22,20.91,0,0,13 Dec 148.00 (SPY71321X148),0.0,0.0,3.01,3.08,0,0,
13 Dec 148.00 (SPYJ1321L148),0.0,0.0,16.97,21.57,0,0,13 Dec 148.00 (SPYJ1321X148),0.0,0.0,0.83,5.41,0,0,
13 Dec 149.00 (SPY1321L149),16.30,0.0,18.39,18.57,0,4580,13 Dec 149.00 (SPY1321X149),3.26,-0.10,3.22,3.25,151,2397,
13 Dec 149.00 (SPY71321L149),0.0,0.0,16.39,20.06,0,0,13 Dec 149.00 (SPY71321X149),3.60,0.0,3.21,3.27,0,24,
13 Dec 149.00 (SPYJ1321L149),0.0,0.0,16.13,20.73,0,0,13 Dec 149.00 (SPYJ1321X149),0.0,0.0,1.03,5.61,0,0,
13 Dec 150.00 (SPY1321L150),17.18,+0.20,17.56,17.74,3,37144,13 Dec 150.00 (SPY1321X150),3.42,-0.05,3.42,3.45,2285,47282,
13 Dec 150.00 (SPY71321L150),13.96,0.0,16.86,19.16,0,34,13 Dec 150.00 (SPY71321X150),3.77,0.0,3.41,3.47,0,114,
13 Dec 150.00 (SPYJ1321L150),0.0,0.0,15.35,19.95,0,0,13 Dec 150.00 (SPYJ1321X150),0.0,0.0,1.23,5.81,0,0,
13 Dec 151.00 (SPY1321L151),15.06,0.0,16.78,16.93,0,2802,13 Dec 151.00 (SPY1321X151),3.77,-0.03,3.62,3.66,28,8972,
13 Dec 151.00 (SPY71321L151),14.36,0.0,16.59,16.97,0,0,13 Dec 151.00 (SPY71321X151),7.19,0.0,3.61,3.68,0,71,
13 Dec 151.00 (SPYJ1321L151),0.0,0.0,14.54,18.85,0,0,13 Dec 151.00 (SPYJ1321X151),0.0,0.0,1.44,6.02,0,0,
13 Dec 152.00 (SPY1321L152),15.27,0.0,15.99,16.11,0,2999,13 Dec 152.00 (SPY1321X152),4.05,+0.02,3.84,3.88,58,8321,
13 Dec 152.00 (SPY71321L152),10.25,0.0,15.78,16.32,0,77,13 Dec 152.00 (SPY71321X152),4.74,0.0,3.83,3.91,0,0,
13 Dec 152.00 (SPYJ1321L152),0.0,0.0,13.76,18.05,0,0,13 Dec 152.00 (SPYJ1321X152),0.0,0.0,1.67,6.25,0,0,
13 Dec 153.00 (SPY1321L153),14.95,+0.25,15.23,15.29,2,5949,13 Dec 153.00 (SPY1321X153),4.24,0.0,4.08,4.12,0,24811,
13 Dec 153.00 (SPY71321L153),0.0,0.0,14.98,15.34,0,0,13 Dec 153.00 (SPY71321X153),7.49,0.0,4.07,4.14,0,1,
13 Dec 153.00 (SPYJ1321L153),0.0,0.0,12.94,17.25,0,0,13 Dec 153.00 (SPYJ1321X153),0.0,0.0,1.92,6.50,0,0,
13 Dec 154.00 (SPY1321L154),13.87,0.0,14.45,14.52,0,8044,13 Dec 154.00 (SPY1321X154),4.49,-0.04,4.34,4.37,6,4747,
13 Dec 154.00 (SPY71321L154),0.0,0.0,14.21,14.57,0,0,13 Dec 154.00 (SPY71321X154),6.32,0.0,4.31,4.39,0,10,
13 Dec 154.00 (SPYJ1321L154),0.0,0.0,12.22,16.48,0,0,13 Dec 154.00 (SPYJ1321X154),0.0,0.0,2.18,6.76,0,0,
13 Dec 155.00 (SPY1321L155),13.67,+0.49,13.68,13.78,165,33572,13 Dec 155.00 (SPY1321X155),4.64,-0.06,4.61,4.64,926,20598,
13 Dec 155.00 (SPY71321L155),7.35,0.0,13.44,13.84,0,43,13 Dec 155.00 (SPY71321X155),6.68,0.0,4.58,4.67,0,29,
13 Dec 155.00 (SPYJ1321L155),0.0,0.0,11.46,15.72,0,0,13 Dec 155.00 (SPYJ1321X155),0.0,0.0,2.45,7.03,0,0,
13 Dec 156.00 (SPY1321L156),11.89,0.0,12.96,13.08,0,3315,13 Dec 156.00 (SPY1321X156),5.11,+0.16,4.89,4.91,18,3724,
13 Dec 156.00 (SPY71321L156),12.42,+5.63,12.77,13.05,2,29,13 Dec 156.00 (SPY71321X156),5.92,0.0,4.86,4.94,0,48,
13 Dec 156.00 (SPYJ1321L156),0.0,0.0,10.67,15.00,0,0,13 Dec 156.00 (SPYJ1321X156),0.0,0.0,2.74,7.32,0,0,
13 Dec 157.00 (SPY1321L157),10.12,0.0,12.23,12.29,0,4138,13 Dec 157.00 (SPY1321X157),5.38,+0.04,5.18,5.21,12,5043,
13 Dec 157.00 (SPY71321L157),0.0,0.0,12.03,12.37,0,0,13 Dec 157.00 (SPY71321X157),5.30,-0.46,5.16,5.24,11,26,
13 Dec 157.00 (SPYJ1321L157),0.0,0.0,9.93,14.25,0,0,13 Dec 157.00 (SPYJ1321X157),0.0,0.0,3.05,7.63,0,0,
13 Dec 158.00 (SPY1321L158),11.26,+0.20,11.51,11.57,1,7825,13 Dec 158.00 (SPY1321X158),5.71,-0.01,5.50,5.53,2,5972,
13 Dec 158.00 (SPY71321L158),8.77,0.0,11.32,11.60,0,20,13 Dec 158.00 (SPY71321X158),6.31,0.0,5.46,5.57,0,65,
13 Dec 158.00 (SPYJ1321L158),0.0,0.0,9.23,13.56,0,0,13 Dec 158.00 (SPYJ1321X158),0.0,0.0,3.37,7.95,0,0,
13 Dec 159.00 (SPY1321L159),10.47,+1.03,10.83,10.88,2,4394,13 Dec 159.00 (SPY1321X159),6.05,+0.14,5.83,5.86,23,3475,
13 Dec 159.00 (SPY71321L159),8.87,0.0,10.79,10.89,0,43,13 Dec 159.00 (SPY71321X159),8.41,0.0,5.80,5.91,0,4,
13 Dec 159.00 (SPYJ1321L159),9.30,0.0,8.58,12.91,0,21,13 Dec 159.00 (SPYJ1321X159),0.0,0.0,3.71,8.29,0,0,
13 Dec 160.00 (SPY1321L160),10.00,+0.15,10.16,10.21,1,49462,13 Dec 160.00 (SPY1321X160),6.39,+0.09,6.18,6.21,93,10310,
13 Dec 160.00 (SPY71321L160),8.83,0.0,9.92,10.36,0,213,13 Dec 160.00 (SPY71321X160),6.94,0.0,6.16,6.24,0,59,
13 Dec 160.00 (SPYJ1321L160),9.19,0.0,7.90,12.21,0,12,13 Dec 160.00 (SPYJ1321X160),0.0,0.0,4.07,8.65,0,0,
13 Dec 161.00 (SPY1321L161),9.18,0.0,9.51,9.56,3,6843,13 Dec 161.00 (SPY1321X161),6.65,-0.14,6.55,6.59,35,3518,
13 Dec 161.00 (SPY71321L161),6.91,0.0,9.47,9.56,0,13,13 Dec 161.00 (SPY71321X161),7.28,0.0,6.52,6.62,0,139,
13 Dec 161.00 (SPYJ1321L161),8.73,0.0,7.25,11.60,0,10,13 Dec 161.00 (SPYJ1321X161),0.0,0.0,4.45,9.03,0,0,
13 Dec 162.00 (SPY1321L162),8.57,0.0,8.86,8.91,0,2285,13 Dec 162.00 (SPY1321X162),7.18,+0.12,6.93,6.97,100,1360,
13 Dec 162.00 (SPY71321L162),7.60,0.0,8.82,8.94,0,36,13 Dec 162.00 (SPY71321X162),7.69,0.0,6.91,7.01,0,54,
13 Dec 162.00 (SPYJ1321L162),0.0,0.0,6.61,10.96,0,0,13 Dec 162.00 (SPYJ1321X162),0.0,0.0,4.85,9.43,0,0,
13 Dec 163.00 (SPY1321L163),7.97,0.0,8.25,8.30,0,9405,13 Dec 163.00 (SPY1321X163),7.53,-0.16,7.34,7.38,70,7110,
13 Dec 163.00 (SPY71321L163),7.32,0.0,8.21,8.30,0,71,13 Dec 163.00 (SPY71321X163),8.13,0.0,7.31,7.42,0,59,
13 Dec 163.00 (SPYJ1321L163),0.0,0.0,5.99,10.35,0,0,13 Dec 163.00 (SPYJ1321X163),0.0,0.0,5.26,9.63,0,0,
13 Dec 164.00 (SPY1321L164),7.37,0.0,7.66,7.71,0,2290,13 Dec 164.00 (SPY1321X164),7.83,-0.21,7.76,7.81,14,1295,
13 Dec 164.00 (SPY71321L164),7.20,0.0,7.62,7.70,0,462,13 Dec 164.00 (SPY71321X164),7.99,0.0,7.76,7.84,0,77,
13 Dec 164.00 (SPYJ1321L164),0.0,0.0,5.40,9.76,0,0,13 Dec 164.00 (SPYJ1321X164),0.0,0.0,5.70,10.07,0,0,
13 Dec 165.00 (SPY1321L165),7.12,+0.35,7.09,7.13,1326,50271,13 Dec 165.00 (SPY1321X165),8.24,-0.15,8.22,8.26,44,4550,
13 Dec 165.00 (SPY71321L165),6.60,0.0,7.06,7.13,0,2,13 Dec 165.00 (SPY71321X165),8.46,-0.67,8.21,8.29,2,68,
13 Dec 165.00 (SPYJ1321L165),0.0,0.0,4.63,9.20,0,0,13 Dec 165.00 (SPYJ1321X165),0.0,0.0,5.96,10.53,0,0,
13 Dec 166.00 (SPY1321L166),6.10,0.0,6.54,6.58,0,1557,13 Dec 166.00 (SPY1321X166),8.91,+0.01,8.69,8.73,129,1532,
13 Dec 166.00 (SPY71321L166),5.36,0.0,6.51,6.59,0,45,13 Dec 166.00 (SPY71321X166),9.65,0.0,8.66,8.78,0,187,
13 Dec 166.00 (SPYJ1321L166),0.0,0.0,4.09,8.67,0,0,13 Dec 166.00 (SPYJ1321X166),0.0,0.0,6.65,11.01,0,0,
13 Dec 167.00 (SPY1321L167),5.80,0.0,6.02,6.07,0,1817,13 Dec 167.00 (SPY1321X167),9.37,0.0,9.19,9.24,0,400,
13 Dec 167.00 (SPY71321L167),4.88,0.0,5.98,6.09,0,99,13 Dec 167.00 (SPY71321X167),9.51,-0.86,9.16,9.27,8,18,
13 Dec 167.00 (SPYJ1321L167),0.0,0.0,3.57,8.15,0,0,13 Dec 167.00 (SPYJ1321X167),0.0,0.0,7.17,11.51,0,0,
13 Dec 168.00 (SPY1321L168),5.30,+0.24,5.52,5.57,100,4029,13 Dec 168.00 (SPY1321X168),10.20,0.0,9.72,9.76,0,217,
13 Dec 168.00 (SPY71321L168),4.46,0.0,5.49,5.59,0,142,13 Dec 168.00 (SPY71321X168),14.54,0.0,9.70,9.83,0,1,
13 Dec 168.00 (SPYJ1321L168),0.0,0.0,3.08,7.66,0,0,13 Dec 168.00 (SPYJ1321X168),0.0,0.0,7.70,12.09,0,0,
13 Dec 169.00 (SPY1321L169),4.83,+0.15,5.05,5.09,1000,1444,13 Dec 169.00 (SPY1321X169),10.74,0.0,10.27,10.31,0,180,
13 Dec 169.00 (SPY71321L169),1.59,0.0,5.01,5.10,0,338,13 Dec 169.00 (SPY71321X169),13.75,0.0,10.25,10.36,0,5,
13 Dec 169.00 (SPYJ1321L169),0.0,0.0,2.62,7.20,0,0,13 Dec 169.00 (SPYJ1321X169),0.0,0.0,8.27,12.58,0,0,
13 Dec 170.00 (SPY1321L170),4.46,+0.07,4.61,4.64,100,63058,13 Dec 170.00 (SPY1321X170),11.22,0.0,10.85,10.89,0,3977,
13 Dec 170.00 (SPY71321L170),1.41,0.0,4.57,4.65,0,1290,13 Dec 170.00 (SPY71321X170),0.0,0.0,10.81,10.92,0,0,
13 Dec 170.00 (SPYJ1321L170),0.0,0.0,2.18,6.76,0,0,13 Dec 170.00 (SPYJ1321X170),0.0,0.0,8.85,13.23,0,0,
13 Dec 171.00 (SPY1321L171),4.14,+0.22,4.19,4.22,100,827,13 Dec 171.00 (SPY1321X171),13.27,0.0,11.44,11.51,0,20,
13 Dec 171.00 (SPY71321L171),2.35,0.0,4.16,4.25,0,164,13 Dec 171.00 (SPY71321X171),0.0,0.0,11.38,11.57,0,0,
13 Dec 171.00 (SPYJ1321L171),0.0,0.0,1.77,6.35,0,0,13 Dec 171.00 (SPYJ1321X171),0.0,0.0,9.47,13.82,0,0,
13 Dec 172.00 (SPY1321L172),3.57,0.0,3.81,3.85,0,21047,13 Dec 172.00 (SPY1321X172),12.15,-1.28,12.07,12.13,4,117,
13 Dec 172.00 (SPY71321L172),1.30,0.0,3.77,3.85,0,134,13 Dec 172.00 (SPY71321X172),14.40,0.0,12.06,12.23,0,1,
13 Dec 172.00 (SPYJ1321L172),0.0,0.0,1.39,5.97,0,0,13 Dec 172.00 (SPYJ1321X172),0.0,0.0,10.10,14.46,0,0,
13 Dec 173.00 (SPY1321L173),3.42,+0.17,3.44,3.46,899,2024,13 Dec 173.00 (SPY1321X173),13.16,0.0,12.73,12.78,0,98,
13 Dec 173.00 (SPY71321L173),0.95,0.0,3.42,3.49,0,14,13 Dec 173.00 (SPY71321X173),0.0,0.0,12.57,13.04,0,0,
13 Dec 173.00 (SPYJ1321L173),0.0,0.0,1.04,5.62,0,0,13 Dec 173.00 (SPYJ1321X173),0.0,0.0,10.78,15.12,0,0,
13 Dec 174.00 (SPY1321L174),2.95,+0.06,3.10,3.14,6,9000,13 Dec 174.00 (SPY1321X174),13.60,0.0,13.41,13.48,0,33,
13 Dec 174.00 (SPY71321L174),0.99,0.0,3.07,3.15,0,58,13 Dec 174.00 (SPY71321X174),0.0,0.0,13.35,13.72,0,0,
13 Dec 174.00 (SPYJ1321L174),0.0,0.0,0.71,5.29,0,0,13 Dec 174.00 (SPYJ1321X174),0.0,0.0,11.47,15.78,0,0,
13 Dec 146.00 (SPY1331L146),14.03,0.0,21.00,21.21,0,1055,13 Dec 146.00 (SPY1331X146),2.92,0.0,2.80,2.85,0,1524,
13 Dec 147.00 (SPY1331L147),14.75,0.0,20.14,20.33,0,983,13 Dec 147.00 (SPY1331X147),3.10,0.0,2.97,3.02,0,634,
13 Dec 148.00 (SPY1331L148),19.00,0.0,19.29,19.49,0,2666,13 Dec 148.00 (SPY1331X148),3.73,0.0,3.16,3.19,0,371,
13 Dec 149.00 (SPY1331L149),16.69,0.0,18.45,18.64,0,1572,13 Dec 149.00 (SPY1331X149),3.49,0.0,3.35,3.38,0,761,
13 Dec 150.00 (SPY1331L150),17.81,+0.40,17.63,17.82,1,1966,13 Dec 150.00 (SPY1331X150),3.70,+0.05,3.56,3.59,3,11392,
13 Dec 151.00 (SPY1331L151),16.37,0.0,16.87,16.95,0,1418,13 Dec 151.00 (SPY1331X151),3.91,0.0,3.77,3.80,0,4380,
13 Dec 152.00 (SPY1331L152),15.57,0.0,16.09,16.15,0,1041,13 Dec 152.00 (SPY1331X152),4.10,0.0,4.00,4.02,0,4735,
13 Dec 153.00 (SPY1331L153),9.87,0.0,15.30,15.37,0,837,13 Dec 153.00 (SPY1331X153),4.40,0.0,4.24,4.26,0,1198,
13 Dec 154.00 (SPY1331L154),12.62,0.0,14.53,14.60,0,761,13 Dec 154.00 (SPY1331X154),4.64,0.0,4.49,4.52,0,3462,
13 Dec 155.00 (SPY1331L155),12.87,0.0,13.77,13.84,0,3645,13 Dec 155.00 (SPY1331X155),4.93,+0.02,4.76,4.79,3,2818,
13 Dec 156.00 (SPY1331L156),12.74,0.0,13.04,13.10,0,4100,13 Dec 156.00 (SPY1331X156),5.19,+0.08,5.04,5.07,61,2905,
13 Dec 157.00 (SPY1331L157),12.08,+0.40,12.31,12.37,2,5582,13 Dec 157.00 (SPY1331X157),5.52,0.0,5.34,5.37,12,2476,
13 Dec 158.00 (SPY1331L158),8.78,0.0,11.61,11.67,0,1472,13 Dec 158.00 (SPY1331X158),5.84,+0.04,5.65,5.69,43,586,
13 Dec 159.00 (SPY1331L159),10.08,0.0,10.92,10.98,0,1612,13 Dec 159.00 (SPY1331X159),6.20,-0.06,5.98,6.03,11,737,
13 Dec 160.00 (SPY1331L160),9.89,0.0,10.25,10.31,0,4229,13 Dec 160.00 (SPY1331X160),6.55,+0.08,6.33,6.37,76,421,
13 Dec 161.00 (SPY1331L161),9.13,0.0,9.60,9.65,0,390,13 Dec 161.00 (SPY1331X161),6.93,-0.09,6.70,6.74,126,377,
13 Dec 162.00 (SPY1331L162),8.70,+0.05,8.97,9.01,1,4505,13 Dec 162.00 (SPY1331X162),7.20,0.0,7.09,7.14,0,266,
13 Dec 163.00 (SPY1331L163),7.85,+0.03,8.36,8.40,10,4837,13 Dec 163.00 (SPY1331X163),8.20,0.0,7.50,7.55,0,468,
13 Dec 164.00 (SPY1331L164),6.40,0.0,7.77,7.82,0,576,13 Dec 164.00 (SPY1331X164),8.27,0.0,7.93,7.98,0,218,
13 Dec 166.00 (SPY1331L166),6.35,0.0,6.64,6.68,0,1533,13 Dec 166.00 (SPY1331X166),9.22,+0.03,8.86,8.90,1,43,
13 Dec 167.00 (SPY1331L167),5.93,+0.13,6.13,6.18,50,1005,13 Dec 167.00 (SPY1331X167),9.72,0.0,9.35,9.40,0,201,
13 Dec 168.00 (SPY1331L168),5.59,+1.55,5.63,5.66,10,1456,13 Dec 168.00 (SPY1331X168),10.18,0.0,9.88,9.93,0,28,
13 Dec 169.00 (SPY1331L169),4.79,0.0,5.16,5.20,0,1490,13 Dec 169.00 (SPY1331X169),10.60,0.0,10.43,10.48,0,35,
13 Dec 170.00 (SPY1331L170),4.51,+0.06,4.71,4.75,32,6848,13 Dec 170.00 (SPY1331X170),11.32,0.0,11.00,11.05,0,80,
